-7.869759785982324
-7.8354072738920655
-7.801532197426371
-7.768491959484853
-7.7362520187993775
-7.7047798893713555
-7.67404531361481
-7.644019442557528
-7.614675213250191
-7.585987059050217
-7.5579308015498565
-7.530483552126202
-7.50362378725409
-7.477330766972938
-7.451585127654946
-7.4263683104651586
-7.401662831143145
-7.377451889248102
-7.353719482685519
-7.33045035815049
-7.307629965367441
-7.2852445781368775
-7.263280924854656
-7.2417264823192005
-7.220568949692623
-7.199796875498718
-7.179399133462465
-7.159365061557895
-7.139684436713277
-7.120347451247867
-7.1013446908631375
-7.0826672757433515
-7.06430635334097
-7.046253732747185
-7.028501216117831
-7.011041072778511
-6.9938660209450765
-6.976968728233577
-6.9603422869562515
-6.943980037974471
-6.92787555908042
-6.912022654038101
-6.896414362904408
-6.88104672518426
-6.865913170639684
-6.851008312028529
-6.8363259615462315
-6.821862899685062
-6.807613262664818
-6.793572339739664
-6.779734589941478
-6.7660964347595405
-6.7526536000655994
-6.739402768065272
-6.726338932146428
-6.713458204447822
-6.700755832307365
-6.688228996848604
-6.675874976957971
-6.663689336985215
-6.651667755204775
-6.639808812864838
-6.628107382755439
-6.616562232239085
-6.605169396034275
-6.593925005039543
-6.582827095327932
-6.571872784896503
-6.5610594255111785
-6.550384284103178
-6.539844855958914
-6.5294387032983074
-6.519163296623746
-6.509016171251766
-6.498995081299251
-6.489097683084329
-6.479321691576362
-6.469665034291952
-6.4601256913603455
-6.450701538212052
-6.441390501824682
-6.432190714502919
-6.423100199365658
-6.414117181653969
-6.405239774743373
-6.3964661361264445
-6.387794620973872
-6.379223468971458
-6.37075111478781
-6.362375875443093
-6.354096105949052
-6.345910352577278
-6.337817041009081
-6.329814785918794
-6.321902079610251
-6.314077447287842
-6.306339600027295
-6.298687124105263
-6.291118636047523
-6.283632935404892
