0.0027453120509309172
0.0025906633349679405
0.002592699976776681
0.002594738193421967
0.0025967750296192913
0.00259881053291764
0.0026008447491832993
0.0026028777198215257
0.002604909487506403
0.002606940091995675
0.0026089695716231503
0.0026109979633637944
0.0026130253029051005
0.0026150516231384976
0.002617076958921407
0.002619101340820818
0.0026211247999306958
0.00262314736467609
0.0026251690641565465
0.002627189926548843
0.0026292099791527
0.0026312292484352404
0.0026332477583056674
0.0026352655336382832
0.0026372825967854166
0.0026392989729929852
0.002641314683203906
0.0026433297495363616
0.002645344193497737
0.002647358036004079
0.0026493712974074287
0.00265138399751927
0.002653396153685803
0.0026554077866435093
0.0026574189127234575
0.002659429551757903
0.0026614397211504165
0.0026634494358484437
0.0026654587144508165
0.0026674675731269046
0.002669476027663657
0.0026714840934800267
0.002673491785637126
0.002675499131897115
0.002677506122583951
0.0026795127849441112
0.002681519132746556
0.0026835251929440713
0.002685530953823785
0.002687536441909722
0.002689541669836354
0.002691546663893559
0.0026935514245217543
0.002695555963598999
0.002697560280824627
0.0026995644018741527
0.0027015683379274305
0.0027035721144951885
0.00270557573009877
0.0027075791829056528
0.0027095824980539387
0.002711585700649616
0.0027135887730148312
0.002715591755178149
0.0027175946287249808
0.002719597418374706
0.0027216001488290778
0.002723602816150409
0.0027256054317524405
0.002727608004397381
0.002729610545210383
0.0027316130626454977
0.002733615565007371
0.0027356180630126463
0.002737620567249345
0.002739623085596079
0.002741625628388724
0.0027436282058465235
0.0027456308254477195
0.0027476334945426817
0.002749636223001214
0.0027516390205822145
0.002753641894266771
0.0027556448535969607
0.0027576479053227927
0.002759651058780049
0.0027616543232042317
0.002763657705007169
0.0027656612132315197
0.0027676648540738012
0.002769668636389251
0.0027716725689418704
0.0027736766576181614
0.002775680911008328
0.0027776853348028085
0.0027796899374179576
0.0027816947271854537
0.0027836997095133428
0.0027857048925721117
0.002787710284451116
