0.37303167153487304
0.3728470041331154
0.37266366081891317
0.372483311506721
0.3723058500262885
0.37213117552840813
0.3719591939721244
0.37178981432732133
0.3716229509630211
0.3714585225072262
0.3712964516061294
0.37113666469654044
0.3709790928088281
0.37082366832017616
0.3706703288614039
0.37051901403991233
0.37036966739073285
0.37022223406325117
0.3700766617442935
0.36993290051899175
0.369790902739661
0.3696506240628438
0.36951202102361835
0.3693750532619084
0.36923967985447737
0.3691058640041254
0.3689735693346921
0.3688427610122943
0.36871340566528027
0.3685854713076593
0.36845892726720286
0.3683337453992405
0.3682098961674344
0.3680873537527472
0.36796609078416737
0.3678460822173577
0.3677273053005033
0.3676097355172834
0.36749335056479326
0.3673781289650925
0.3672640500247807
0.36715109379723654
0.3670392325610956
0.36692846347634755
0.3668187600002966
0.36671010483846694
0.36660247255843614
0.3664958631754636
0.3663902522024947
0.36628562453600044
0.36618195660876895
0.3660792418510499
0.3659774665537716
0.3658766250671512
0.36577669530958545
0.36567766479763314
0.3655795121531357
0.3654822334823638
0.3653858252261748
0.36529026683460986
0.3651955380799444
0.36510164604346557
0.3650085613749076
0.3649162919042908
0.36482481828794366
0.36473412145635237
0.36464420052866797
0.36455504505258624
0.3644666463712753
0.36437899447137356
0.36429208112959555
0.36420589831995503
0.3641204366205619
0.36403568680271386
0.36395164142044956
0.3638682915960128
0.3637856286253888
0.36370364558445734
0.36362233570054103
0.3635416907263515
0.3634617025677301
0.3633823649091546
0.3633036699317013
0.3632256115949628
0.3631481823377518
0.3630713747303601
0.3629951831232728
0.36291960032059783
0.3628446209087128
0.36277023791202506
0.36269644446916594
0.36262323550426745
0.36255060435677533
0.3624785461545846
0.36240705442767124
0.3623361228064986
0.3622657467134859
0.36219591995368455
0.3621266364255511
0.36205789182404935
