5.147737731137269e-05
5.1424038695964064e-05
5.137392417693113e-05
5.132440969967341e-05
5.127547680841394e-05
5.122711123329793e-05
5.117929538490795e-05
5.113201386223895e-05
5.1085252836244653e-05
5.1039001160607604e-05
5.099324323873608e-05
5.094796614451953e-05
5.090315726471711e-05
5.085880830260565e-05
5.081490648016018e-05
5.077144165845513e-05
5.072839923763794e-05
5.068577523963243e-05
5.064355897475505e-05
5.060173869945764e-05
5.0560308635659466e-05
5.051926317153738e-05
5.0478588820063895e-05
5.0438280273206784e-05
5.0398332242761265e-05
5.035873570167983e-05
5.0319482827601506e-05
5.028056982875621e-05
5.0241989102470266e-05
5.0203733768925205e-05
5.016579862941517e-05
5.0128179217834466e-05
5.009086829495265e-05
5.005386156770218e-05
5.001715471816889e-05
4.9980740816461716e-05
4.9944617927332974e-05
4.9908779223026514e-05
4.987322071763806e-05
4.983793848423438e-05
4.980292970526076e-05
4.976818892924081e-05
4.973371731959998e-05
4.969950174404756e-05
4.966554242509855e-05
4.963183725996264e-05
4.959838557579787e-05
4.956517445961469e-05
4.953220689444151e-05
4.9499479446314486e-05
4.946699453275926e-05
4.943474235573216e-05
4.940272164025269e-05
4.937092476190235e-05
4.9339354798952394e-05
4.930800595372591e-05
4.9276882320385354e-05
4.924597386845508e-05
4.921527677504869e-05
4.918479317707467e-05
4.915452464534339e-05
4.912445870593687e-05
4.909460116072993e-05
4.90649431679287e-05
4.903548538943484e-05
4.900623099542522e-05
4.8977172876340226e-05
4.8948310050770715e-05
4.891963965129127e-05
4.889116072963862e-05
4.886286992273345e-05
4.883476443362775e-05
4.8806843368925674e-05
4.87791058448239e-05
4.875154911732719e-05
4.872416987744825e-05
4.8696969740696655e-05
4.8669945483798077e-05
4.864309443812019e-05
4.861641580477491e-05
4.858990879266527e-05
4.8563570779218265e-05
4.853739858138107e-05
4.851139392251763e-05
4.848555364334893e-05
4.845987512938298e-05
4.8434357722554904e-05
4.840900071182288e-05
4.8383801581890796e-05
4.835875912739871e-05
4.833387318212418e-05
4.830913889755709e-05
4.828455984438151e-05
4.826013120183871e-05
4.82358523290445e-05
4.8211722590430114e-05
4.818773906693884e-05
4.816390165189684e-05
4.814020973351092e-05
4.8116660429914605e-05
