0.0961369015395958
0.09606863441684987
0.09600509966800147
0.09594589867189925
0.09589078397280693
0.09583952212474353
0.09579189315360714
0.09574768937786202
0.09570671503472614
0.09566878548694029
0.09563372657809745
0.09560137402744769
0.09557157316026953
0.09554417747104726
0.095519049360232
0.09549605868916484
0.09547508303976797
0.09545600653752478
0.09543871982393805
0.09542311968469863
0.09540910869973157
0.09539659537645029
0.09538549290668445
0.09537571983042598
0.09536719827022017
0.09535985569294365
0.09535362311882396
0.09534843541437116
0.09534423107461713
0.09534095201910467
0.09533854339927997
0.09533695398397493
0.095336134258209
0.09533603860237135
0.09533662276993465
0.09533784554802265
0.09533966861016664
0.09534205455787569
0.09534496866397657
0.0953483781263955
0.0953522519612349
0.0953565609014299
0.09536127346759875
0.09536637082011688
0.0953718242432452
0.09537761046997904
0.09538370359287546
0.09539009031405318
0.09539674687935448
0.09540365480596417
0.09541079263093571
0.09541814745358577
0.09542570373226868
0.09543345019140047
0.09544136872302109
0.09544944629016613
0.09545766649088089
0.09546602137830988
0.09547450346869113
0.0954830981173367
0.095491791490237
0.09550058230207617
0.09550945340131299
0.09551840458293122
0.0955274238202916
0.09553649976339132
0.09554562941077292
0.09555480574898259
0.09556402283750219
0.0955732744104973
0.0955825552353284
0.09559186038431132
0.09560118454882548
0.09561052273306214
0.09561987090664353
0.09562922460932247
0.09563857964864195
0.09564793275409114
0.09565728085381177
0.09566662039461993
0.09567594804178425
0.09568526133604291
0.09569455730392892
0.09570383382818136
0.09571308825878715
0.09572231811556893
0.095731521746846
0.09574069694426969
0.09574984231221555
0.09575895588519623
0.09576803583057475
0.09577708110670415
0.09578609008461188
0.09579506191402157
0.09580399514716682
0.09581288844081376
0.09582174121416054
0.09583055227528593
0.09583932052274291
0.09584804560287861
