0.01762356792591403
0.01763241752918214
0.017641420218684485
0.017650440699612014
0.017659478480308327
0.017668532707372706
0.017677602575759024
0.017686687327754132
0.017695786247224926
0.01770489865957689
0.017714023928590134
0.01772316145419048
0.01773231067035361
0.01774147104463984
0.01775064207183375
0.017759823278362986
0.017769014215894597
0.017778214463198848
0.0177874236211038
0.01779664131289094
0.01780586718301169
0.017815100895879243
0.01782434213686088
0.01783359060694763
0.01784284602609971
0.01785210812554034
0.01786137665600671
0.017870651379937288
0.017879932073027068
0.017889218523481226
0.017898510531311914
0.01790780790767556
0.017917110476794822
0.017926418067637232
0.017935730523796236
0.017945047692406006
0.017954369431669694
0.017963695610370627
0.01797302609926981
0.017982360778966953
0.017991699536713437
0.018001042266044306
0.018010388866431054
0.018019739225744135
0.018029093286781327
0.018038450946952955
0.018047812126481776
0.018057176732373607
0.018066544726873485
0.018075916024425112
0.018085290561822304
0.018094668261330132
0.018104049082596104
0.01811343297261338
0.018122819896778372
0.018132209788909545
0.01814160260469924
0.01815099828377889
0.018160396803179376
0.018169798141616702
0.018179202244782786
0.018188609061111766
0.01819801859544476
0.01820743078011586
0.018216845623852465
0.01822626308131131
0.018235683109432195
0.018245105702738906
0.01825453083716666
0.018263958493138804
0.01827338864919901
0.018282821288250612
0.018292256394269592
0.018301693949147133
0.018311133935865774
0.01832057634155014
0.018330021151059188
0.0183394683501859
0.018348917928728326
0.018358369877188835
0.018367824183608633
0.018377280836794043
0.018386739829410418
0.018396201151536833
0.018405664797050074
0.0184151307571699
0.018424599023712608
0.0184340695922087
0.018443542455435242
0.01845301760983765
0.018462495049053878
0.01847197476718988
0.018481456761956713
0.018490941028183307
0.018500427564269586
0.018509916365691995
0.01851940742829692
0.01852890075145384
0.01853839633155067
0.018547894165296532
