100000.0
101712.74263243406
101736.24080674691
101759.7596500114
101783.32063630687
101806.92242874864
101830.56375610306
101854.24343246638
101877.9603083539
101901.71330192976
101925.50138447531
101949.32357751616
101973.17895003762
101997.06662921813
102020.98575807916
102044.93554687173
102068.91523024382
102092.92409303816
102116.96143993341
102141.0266077585
102165.11896374523
102189.23790386994
102213.38286670382
102237.55330145052
102261.74869743343
102285.96853556368
102310.21235063123
102334.47968217866
102358.77008942296
102383.08315027916
102407.41846037276
102431.77563212527
102456.15431101597
102480.55412329831
102504.97474426498
102529.41582784812
102553.87705853728
102578.35815096762
102602.85879560262
102627.37871205127
102651.91763049539
102676.47529116648
102701.05144387715
102725.6457332739
102750.25813865289
102774.88831959914
102799.53605986986
102824.20103295975
102848.8832555669
102873.58241308843
102898.29831730555
102923.0306650853
102947.77938296842
102972.54430052558
102997.3253562594
103022.12226556218
103046.93487364386
103071.76290458716
103096.60631961802
103121.46508430282
103146.33893293048
103171.22760375348
103196.13120646562
103221.0493544026
103245.98216714311
103270.92939367585
103295.8907863348
103320.86634538148
103345.85594020305
103370.85946446512
103395.87679304641
103420.90782506653
103445.95246211527
103471.01058644378
103496.08208271312
103521.16685978706
103546.26480669602
103571.37581460926
103596.49979891896
103621.63667689587
103646.7863453593
103671.94870302625
103697.12367286484
103722.31115699123
103747.51108176968
103772.72335248161
103797.94787602877
103823.18458363823
103848.43338506416
103873.69421445779
103898.96698426531
103924.25160833339
103949.54802500198
103974.85615054426
104000.17592580897
104025.50726940253
104050.85010116469
104076.20436556921
104101.56998456744
104126.9468812583
