1.8360905723223606e-06
4.727642566077971e-05
9.034439151012428e-05
0.00013111605594806592
0.00016971962457043436
0.00020627597817401725
0.00024089885090117214
0.00027369567988594167
0.0003047676381579112
0.0003342101111387144
0.0003621130376159225
0.000388561229993296
0.0004136344619626055
0.00043740838984582855
0.0004599539444964044
0.00048133825631426283
0.0005016244074724474
0.0005208721607136993
0.0005391379167423979
0.0005564749086985512
0.0005729333850468629
0.0005885604819288514
0.0006034009855005678
0.0006174968707570134
0.0006308883952346436
0.0006436129470081515
0.0006557061524836542
0.0006672016648730423
0.0006781312763944644
0.0006885250239101933
0.0006984112883992443
0.0007078165326297293
0.0007167664715395464
0.0007252846945715851
0.0007333942214396601
0.0007411164535816299
0.0007484712488590796
0.0007554781259420468
0.0007621551705038793
0.0007685194843858871
0.0007745872404419055
0.0007803737342441847
0.0007858958222452138
0.0007911626819470972
0.0007961897593739758
0.0008009892859729838
0.0008055752834951086
0.0008099540791533214
0.0008141385961074011
0.0008181386224331491
0.0008219659208825096
0.0008256270508790491
0.000829130298026469
0.0008324813820947686
0.0008356903576639127
0.000838764229919798
0.0008417121909751849
0.0008445382539121487
0.0008472461880842285
0.000849844289344645
0.0008523404458569177
0.0008547347744672226
0.0008570373403838753
0.0008592476971011707
0.0008613728106721049
0.0008634193075314998
0.0008653886453335236
0.0008672848197294316
0.0008691111978410847
0.0008708713908754404
0.0008725684009689838
0.0008742050724038919
0.0008757845226953991
0.0008773097082570402
0.0008787830095133507
0.0008802071057034392
0.0008815845379972246
0.0008829172925065594
0.0008842072513308537
0.0008854566227835311
0.00088666750182853
0.0008878414508679259
0.000888980375917617
0.0008900856599561122
0.000891159039326511
0.0008922021616520814
0.0008932161645396345
0.0008942025521675825
0.0008951623259431242
0.0008960968611617925
0.0008970074631540491
0.0008978949445253686
0.0008987605018016929
0.0008996048443024831
0.0009004290707424851
0.0009012342241764884
0.0009020208682425669
0.0009027899636003491
0.0009035424223563787
0.0009042786838791229
