0.6713417952264119
0.6710619474860221
0.6707795789186684
0.6704982453902717
0.6702180071343716
0.6699389196140629
0.6696610369298451
0.6693844058798327
0.6691090709015806
0.6688350727586492
0.6685624487666837
0.6682912330154734
0.6680214582024128
0.6677531509381622
0.6674863384611425
0.6672210438901003
0.6669572897002857
0.6666950945354018
0.666434474999147
0.6661754457904204
0.6659180198315354
0.6656622101338336
0.6654080264155386
0.6651554787292215
0.6649045722127508
0.6646553143186824
0.6644077095288938
0.6641617612240777
0.6639174717528938
0.6636748425053103
0.6634338739791802
0.6631945677405544
0.6629569207911071
0.6627209332338311
0.6624866006568229
0.6622539199460659
0.6620228893890512
0.6617935028036616
0.6615657554808908
0.6613396422579008
0.6611151575539504
0.6608922954007974
0.660671036888431
0.6604513985114671
0.6602333606800902
0.6600169161560369
0.6598020444642075
0.6595887617770525
0.6593770471367251
0.6591668924224351
0.6589582759703904
0.6587512004870097
0.6585456573938685
0.6583416494566069
0.658139154246247
0.6579381628546919
0.6577386523496038
0.6575406253296753
0.6573440845582126
0.6571490067758784
0.6569553684539929
0.6567631867597487
0.656572423559527
0.6563830963320829
0.656195181251421
0.656008654275268
0.6558235185293362
0.655639762397408
0.655457376658567
0.6552763497195453
0.6550966724163888
0.6549183356291245
0.654741327844079
0.6545656375726344
0.654391255819416
0.6542181711713451
0.6540463722555934
0.6538758502345461
0.6537065963388016
0.6535385993502629
0.6533718480991214
0.6532063340063881
0.6530420460174208
0.652878975698128
0.6527171121181461
0.6525564444062742
0.6523969643459037
0.6522386612011918
0.6520815269108168
0.6519255508770873
0.6517707225685958
0.651617034159209
0.651464475264582
0.6513130382236018
0.6511627127957315
0.6510134888100206
0.6508653588530382
0.6507183129041136
0.6505723410133982
0.6504274360171075
