0.01312342099565064
0.013345213976105224
0.01356746283786637
0.01378767539919204
0.0140058770924104
0.014222092974170184
0.01443634539624151
0.014648658650217328
0.01485905547866699
0.015067558248371325
0.01527418895877336
0.015478969250057043
0.01568191915389115
0.0158830608697882
0.01608241372098962
0.016279997970581522
0.01647583224695283
0.01666993616037661
0.01686232901224829
0.01705302980116617
0.01724205722881522
0.017429428327745033
0.017615161210280093
0.017799272305858517
0.01798178057630448
0.018162701882772643
0.0183420532386477
0.018519851398174542
0.018696112861172898
0.018870853877575217
0.019044090451864386
0.01921583684908856
0.01938611009634507
0.01955492396663877
0.019722295048516334
0.01988823818231003
0.020052766433806605
0.02021589576201723
0.02037764035559736
0.020538014193248907
0.020697031047226117
0.020854704486790776
0.021011057769976752
0.021166085830779974
0.021319811632181974
0.021472247969276312
0.02162341762280189
0.0217733142452496
0.021921960347434648
0.022069367997561186
0.022215559535857122
0.02236053791111628
0.022504314675844826
0.022646892286936268
0.022788292642924812
0.022928526803791306
0.023067616512465926
0.0232055633917372
0.023342368823094827
0.023478054247539543
0.023612641047545513
0.023746118860900566
0.02387852009336961
0.024009833862123416
0.02414008119258936
0.024269283052742195
0.02439743926055679
0.02452456094569307
0.024650657268434066
0.024775739107700055
0.024899815361457214
0.025022894799943213
0.025144987939864
0.025266105179470897
0.02538625491351706
0.0255054473099213
0.025623692422575135
0.025740998285472293
0.025857372817394256
0.025972825744509632
0.02608736668474674
0.026201003215044306
0.026313744744326094
0.026425598630244438
0.026536574078430915
0.026646680192902686
0.02675592401136571
0.026864314442671285
0.02697185831962972
0.027078564361255997
0.027184441191096836
0.027289495342333506
0.02739373525620904
0.027497167274328823
0.027599799660618554
0.027701640589252573
0.027802696121058387
0.027902974259891133
0.028002482923065824
0.028101227901284557
