0.23248406157990975
0.23283211719756278
0.2331779646286948
0.2335184439061557
0.23385374223272082
0.23418403757624548
0.23450949579183764
0.2348302777466877
0.23514653475145675
0.23545841066810172
0.2357660423209565
0.23606955988736164
0.23636908533137285
0.2366647385390865
0.23695662985818855
0.23724486629791133
0.23752954778571667
0.23781077154824262
0.23808863032903216
0.23836321263112398
0.2386346029462124
0.238902879749679
0.23916812011725885
0.23943039545084965
0.239689778484475
0.23994633428923437
0.24020012735480434
0.24045121943003392
0.2406996696632488
0.24094553473772126
0.24118886899871717
0.2414297221067254
0.2416681465674284
0.24190418789300164
0.24213789473735176
0.24236931142010418
0.24259847797829964
0.24282543798535852
0.2430502308733184
0.24327289460301213
0.24349346573617986
0.24371197950243034
0.24392848629230346
0.2441429884372877
0.24435553424307968
0.2445661542128091
0.2447748947282063
0.24498175290141913
0.2451867734475264
0.24538998296657694
0.2455914245877819
0.2457911084952393
0.24598905880776148
0.24618528402743955
0.24637982469438077
0.24657270274756224
0.2467639575255278
0.24695359436602018
0.24714161798569748
0.24732806629074133
0.24751297664539254
0.24769633315496645
0.2478781911104583
0.24805853322920313
0.24823739536440378
0.24841481291158574
0.24859078573918642
0.24876533247588306
0.248938468280135
0.24911021101008327
0.24928057505881301
0.24944957447107718
0.24961722606826203
0.2497835463338961
0.24994854829088078
0.2501122478090421
0.25027466045544156
0.2504357983348351
0.2505956732857056
0.2507543000785189
0.25091169321700685
0.2510678637366889
0.25122282566229703
0.2513765895471111
0.25152916896815425
0.25168057727403237
0.25183082433240456
0.2519799230867302
0.2521278829913297
0.2522747166081158
0.2524204363009837
0.25256505093257614
0.2527085725200731
0.25285100956975365
0.25299237376925576
0.25313267663210365
0.25327192614945865
0.25341013353381825
0.2535473098358406
0.2536834625699273
