3.724165408241846e-05
3.730089956527692e-05
3.7356784635357575e-05
3.7412031673407156e-05
3.746666010069009e-05
3.7520684948143966e-05
3.757412470993589e-05
3.762699561770467e-05
3.767931223664114e-05
3.7731086308715303e-05
3.778233426247853e-05
3.783306971733293e-05
3.7883305944816434e-05
3.7933051703869645e-05
3.7982320437050825e-05
3.8031122823581176e-05
3.80794742298395e-05
3.812737883079806e-05
3.817484788283537e-05
3.8221893756951686e-05
3.826852252060403e-05
3.831474003704765e-05
3.8360560518029735e-05
3.840598950291263e-05
3.845103255407109e-05
3.849569913966362e-05
3.853999747791275e-05
3.8583931517256966e-05
3.8627509240206774e-05
3.8670737863759324e-05
3.8713622822527805e-05
3.8756168745342155e-05
3.879838325545176e-05
3.8840270795997274e-05
3.888183589067825e-05
3.892308580744029e-05
3.896402248244617e-05
3.900465310410723e-05
3.9044981814293326e-05
3.908501269161158e-05
3.9124748634748526e-05
3.91641953422169e-05
3.920335166680097e-05
3.9242231128276025e-05
3.928083358495513e-05
3.931916117499182e-05
3.935721471069397e-05
3.939500747526852e-05
3.943253639400108e-05
3.946980502385885e-05
3.950681089211176e-05
3.954356416509489e-05
3.958006610140605e-05
3.9616324553161474e-05
3.965233635113526e-05
3.968810757965725e-05
3.972363398745669e-05
3.975892599477231e-05
3.979398739874353e-05
3.982881604348144e-05
3.986341037756821e-05
3.9897783208741684e-05
3.9931928701702815e-05
3.996585578273827e-05
3.999956388360775e-05
4.0033049754939536e-05
4.006632070434872e-05
4.009937772635575e-05
4.013222379579913e-05
4.016485987416803e-05
4.019728946970526e-05
4.02295154869784e-05
4.026153883350103e-05
4.029336040721267e-05
4.0324983059700804e-05
4.035641029029229e-05
4.0387640323224814e-05
4.0418676527741636e-05
4.0449521680948343e-05
4.048017659822607e-05
4.051064208739232e-05
4.054092088008093e-05
4.057101635333296e-05
4.060092657940501e-05
4.0630654912425224e-05
4.066020412435121e-05
4.068957484584515e-05
4.0718767808214346e-05
4.074778563813838e-05
4.077662960069266e-05
4.080529984562536e-05
4.083380151081182e-05
4.086213073303899e-05
4.089029262308406e-05
4.091828784603023e-05
4.0946117062005337e-05
4.0973783342689673e-05
4.100128678214878e-05
4.102862801827348e-05
4.105581008658069e-05
