1854.0155543646717
1854.0000413437315
1854.0002456493658
1854.0004501127833
1854.0006544375249
1854.000858628361
1854.001062689893
1854.0012666262746
1854.0014704417872
1854.0016741404197
1854.0018777260175
1854.00208120229
1854.0022845728179
1854.0024878409004
1854.0026910100346
1854.0028940832876
1854.0030970637781
1854.0032999543582
1854.0035027579472
1854.0037054773716
1854.0039081153705
1854.0041106745987
1854.0043131574553
1854.0045155664357
1854.004717903782
1854.0049201720276
1854.0051223732721
1854.0053245097358
1854.0055265835758
1854.0057285968905
1854.0059305517216
1854.0061324500566
1854.0063342936357
1854.0065360845392
1854.0067378244053
1854.0069395152238
1854.0071411587405
1854.0073427564548
1854.0075443102328
1854.0077458216965
1854.0079472924294
1854.0081487239781
1854.0083501178547
1854.0085514768427
1854.0087527999726
1854.0089540899771
1854.0091553482378
1854.0093565774578
1854.0095577764628
1854.009758947914
1854.0099600930778
1854.0101612145922
1854.010362312501
1854.0105633879957
1854.0107644410464
1854.0109654742291
1854.0111664886645
1854.0113674869121
1854.0115684688235
1854.0117694342148
1854.011970385608
1854.0121713255212
1854.0123722521812
1854.0125731696035
1854.0127740759408
1854.012974973673
1854.013175865277
1854.013376750359
1854.013577630063
1854.0137785052689
1854.0139793770913
1854.0141802463797
1854.0143811139662
1854.0145819809259
1854.014782848321
1854.014983716942
1854.0151845878252
1854.0153854619962
1854.0155863402047
1854.015787223188
1854.0159881119362
1854.0161890074282
1854.016389910364
1854.0165908217016
1854.0167917421168
1854.0169926725466
1854.0171936139177
1854.0173945668726
1854.0175955323184
1854.017796510877
1854.0179975034366
1854.0181985108754
1854.0183995337852
1854.0186005730268
1854.0188016291709
1854.0190027030612
1854.0192037955346
1854.0194049071329
1854.019606038675
1854.019807190973
