-5.6181407581779625
-5.624596405418866
-5.631164537132907
-5.637839800657166
-5.6446169577642005
-5.651491563126634
-5.658459305437905
-5.665515093679078
-5.672654841023456
-5.679874581676451
-5.687169729172942
-5.694536302281362
-5.70197011585795
-5.709467136816847
-5.7170241293729935
-5.724636685363847
-5.732301503706189
-5.740015378142907
-5.747774101694084
-5.755574617912217
-5.763413958013286
-5.771288092632186
-5.77919418880512
-5.787129200793456
-5.7950898457770785
-5.803073807142552
-5.811077619918917
-5.81909785876983
-5.827132385780738
-5.835178203391908
-5.843232666846094
-5.851293182388059
-5.859357205986076
-5.867421941792614
-5.875485605591428
-5.883544767337816
-5.891597434569762
-5.899640994188505
-5.907673477878686
-5.915692658153659
-5.923696048159297
-5.9316818034154455
-5.939647516893469
-5.94759142254541
-5.955511190217131
-5.963404828594569
-5.971270383150874
-5.979106236242295
-5.986910203298646
-5.9946804363531365
-6.0024154225934065
-6.010113080631262
-6.017771964907793
-6.025390361069174
-6.03296628655003
-6.0404983930968825
-6.047985363051377
-6.055425307813423
-6.062816671220608
-6.0701582280358135
-6.077448481668178
-6.084685965344631
-6.091869542011306
-6.098997802442571
-6.106069366338434
-6.113082882020266
-6.120037325971379
-6.126931401774452
-6.133764140398099
-6.140534299550792
-6.147240664341703
-6.153882346148177
-6.160458182775018
-6.16696733759313
-6.1734089988873295
-6.179782081109801
-6.18608552472197
-6.192318594273317
-6.198480578309637
-6.204570491338528
-6.210587670782945
-6.216531477368018
-6.2224009977495465
-6.228195640274587
-6.233914835942675
-6.239558038242043
-6.245124426620722
-6.250613500521621
-6.256024781214058
-6.261357811550375
-6.266612155801585
-6.271787104399432
-6.276882560212066
-6.281897855931489
-6.2868329351221846
-6.291687171848429
-6.296460549456653
-6.301152775713501
-6.305763285102089
-6.3102921189250365
