0.01762356792591403
0.017632418492908905
0.01764128296944602
0.01765016125936655
0.017659053267757657
0.017667958901516134
0.01767687807061593
0.017685810686877156
0.017694756662171834
0.017703715911752373
0.017712688352597736
0.01772167390194167
0.01773067247956243
0.017739684006221907
0.01774870840430665
0.017757745599075166
0.01776679551481369
0.017775858079199052
0.017784933221361387
0.017794020869680974
0.017803120955955504
0.017812233413348064
0.01782135817406147
0.01783049517375433
0.017839644348776093
0.017848805636071073
0.017857978975571415
0.017867164305951665
0.01787636156692868
0.01788557070179398
0.017894791653091255
0.017904024365015446
0.017913268782795772
0.017922524852674145
0.01793179252126081
0.01794107173812327
0.01795036245029533
0.01795966460858467
0.017968978163342267
0.017978303067060376
0.017987639272492664
0.017996986732613955
0.018006345402499978
0.01801571523678766
0.018025096192190105
0.018034488224940453
0.018043891292676965
0.018053305353799353
0.018062730368105785
0.018072166294836454
0.018081613094586488
0.018091070729312902
0.01810053916035974
0.018110018351054444
0.018119508264741034
0.018129008864747113
0.018138520116358726
0.01814804198550548
0.018157574437401586
0.018167117438521577
0.018176670956608555
0.018186234959322558
0.018195809414892305
0.018205394292788675
0.018214989562360374
0.018224595193493325
0.01823421115660076
0.018243837423306354
0.018253473965062782
0.018263120754518483
0.01827277776412754
0.018282444966824293
0.018292122336718553
0.01830180984769241
0.01831150747479081
0.01832121519352011
0.018330932979126916
0.018340660807287773
0.018350398654819033
0.018360146498966667
0.0183699043166767
0.018379672086019275
0.018389449785471877
0.018399237393183398
0.01840903488841264
0.018418842250804847
0.018428659460384966
0.018438486496813046
0.018448323340842107
0.01845816997358562
0.018468026376511296
0.018477892531434982
0.018487768419765186
0.018497654024736992
0.018507549328421306
0.018517454314713744
0.01852736896632511
0.018537293267789592
0.01854722720319986
0.01855717075618634
