X_Fe	X_Si	X_Ni	X_V	X_FeO	X_SiO2	X_NiO	X_Mg	X_V2O3	g (m/s)	P (GPa)	T (K)	Planet radius (km)	Impactor size (km)	Magma ocean depth (km)	ln(fO2)_IW	FeO wt\% in impactor
0.8517733978612276	0.0057642386285567055	0.14246055937830354	1.8041319121082277e-06	0.05883356823200283	0.4169219060676245	0.000604957939287126	0.5236195224482256	8.018125143908377e-05	0.017300227721092628	0.000741692610983716	1853.8144809032262	100000.0	33333.333333333336	52755.792169544875	-5.345215892387075	6.2172
0.8472585311792864	0.011035170071592729	0.1417028270335972	3.4717155236151846e-06	0.06140296369593103	0.4147277406617747	0.001049923241727264	0.5227996023078102	7.908037102708202e-05	0.017619611817984767	0.0007650119112573443	1853.816822208346	101274.41153681018	33758.137178936726	53580.14377119914	-5.2490955540868365	6.2172
0.8428632611739146	0.015880166573815458	0.1412515544486545	5.0178036154454035e-06	0.0637989470959679	0.4127406008871836	0.001380723588758044	0.522060209802966	7.807450049808032e-05	0.017945415811741982	0.0007890579177530466	1853.819236449241	102561.2307045612	34187.0769015204	54400.920996273184	-5.16213610563096	6.2172
0.8386261632933717	0.02035215521767295	0.14101522654164447	6.45494731077065e-06	0.06603282929142523	0.4109301397380824	0.001629383008492175	0.521388360071896	7.715156041668999e-05	0.018277722400481426	0.0008138570926685367	1853.821726280209	103861.34512965684	34620.44837655228	55220.21031678758	-5.083226002323991	6.2172
0.8345698128152839	0.024493572313979913	0.14092882121216044	7.793658575871402e-06	0.06811525114376701	0.40927282653751945	0.0018184800993823313	0.5207743667658189	7.630181404879886e-05	0.01861662311687587	0.000839435590417178	1853.824294324443	105175.44035309092	35058.48011769697	56039.590795945194	-5.011430515186113	6.2172
0.8307058917784954	0.02833906015804763	0.14094600522529138	9.04283816569092e-06	0.07005633213121307	0.40774996222024235	0.001964061710889733	0.5202107646208526	7.551726720900758e-05	0.018962216447128897	0.0008658196490788959	1853.8269432133243	106504.07020397812	35501.35673465937	56860.29518086551	-4.945952296437933	6.2172
0.8270386954599205	0.031917398238569504	0.14103369618618292	1.021011532716839e-05	0.07186570102328932	0.4063463568113375	0.0020776154371626356	0.5196916289169603	7.479124500095546e-05	0.019314606604697995	0.0008930358397868345	1853.8296756114516	107847.70032427426	35949.23344142475	57683.3146399844	-4.886104740811728	6.2172
0.823567552697472	0.03525289210846743	0.1411682530839954	1.1302110065269217e-05	0.07355248542444764	0.40504942990707016	0.002167419245808172	0.5192121359002543	7.41180896789842e-05	0.01967390271121249	0.0009211112360639649	1853.8324942336253	109206.73622659079	36402.24540886359	58509.46804940369	-4.831292677342734	6.2172
0.8202885042449828	0.03836637972793043	0.14133279139385105	1.2324633235701415e-05	0.07512529448405751	0.4038485859855143	0.002239474333038003	0.518768271961909	7.349294192455206e-05	0.020040218241493355	0.0009500735335152362	1853.8354018568525	110581.54171602086	36860.51390534029	59339.448686195	-4.780997600111175	6.2172
0.8171954705588559	0.041275967245941896	0.14151527935637923	1.328283882283809e-05	0.0765922081467161	0.40273477165219523	0.002298155891036614	0.5183566364150324	7.291158007842848e-05	0.020413670642999253	0.0009799511384799865	1853.8384013292298	111972.45122203938	37324.15040734646	60173.8562933068	-4.734765940085975	6.2172
0.8142810650448253	0.04399757299689384	0.1417071806181365	1.4181340144355536e-05	0.07796077688848402	0.401700155372908	0.0023466708753591384	0.517974304288219	7.237030011980006e-05	0.020794381072728546	0.0010107732370965036	1853.8414955768608	113379.77821630046	37793.259405433484	61013.219533369986	-4.692199510696217	6.2172
0.8115371596966456	0.04654533434761939	0.14190248165658326	1.5024299151898092e-05	0.07923803140538466	0.40073789130383625	0.002387382372041278	0.5176187284625808	7.186582462842925e-05	0.021182474214790296	0.0010425698519663587	1853.8446876095259	114803.8210757144	38267.94035857147	61858.01201011819	-4.6529475983995905	6.2172
0.8089552766674266	0.04893191590263573	0.14209699193424064	1.5815495697186894e-05	0.08043050028989193	0.3998419418295451	0.002422040931591651	0.5172876681408097	7.13952326466457e-05	0.021578078154537144	0.0010753718909376447	1853.847980525558	116244.86724595084	38748.28908198361	62708.66391681977	-4.616700344406204	6.2172
0.8065268569064863	0.051168746227364094	0.14228783848428384	1.65583818657478e-05	0.08154423342422393	0.3990069417768144	0.0024519505016226627	0.5169791353211359	7.095590481237125e-05	0.021981324293164458	0.0011092111909253178	1853.8513775162241	117703.19625584122	39234.398751947076	63565.57066370166	-4.583183166318657	6.2172
0.8042434419560706	0.053266202084118995	0.14247309983466622	1.725612514430061e-05	0.08258482890905126	0.39822809279378435	0.002478088045021002	0.5166913538821934	7.054547979945746e-05	0.02239234729186079	0.0011441205586799675	1853.8548818697911	119179.08194201095	39726.36064733698	64429.09937606424	-4.552152035149309	6.2172
0.8020967941786119	0.05523375395259162	0.1426515402256181	1.7911643178454356e-05	0.08355746187084624	0.3975010798448586	0.0025011901656456317	0.5164227276638381	7.016181924596844e-05	0.02281128503798989	0.001180133809755071	1853.858496975416	120672.79411952638	40224.264706508795	65299.59387423834	-4.523389460565431	6.2172
0.8000789734538897	0.057080082610365554	0.1428224163036084	1.8527632136383678e-05	0.08446691383951231	0.3968220042087012	0.0025218160970599274	0.5161718151099399	6.98029791467279e-05	0.023238278628018496	0.0012172858065380631	1853.862226326937	122184.59985939723	40728.19995313241	66177.37855129536	-4.496701068243349	6.2172
0.7981823832694902	0.05881317377265405	0.14298533636766647	1.9106590189237982e-05	0.08531760172655135	0.3961873290043816	0.0025403936706829802	0.5159373088018286	6.946718622180695e-05	0.023673472363434533	0.001255612495934908	1853.8660735266274	123714.76448193872	41238.25482731291	67062.76143565003	-4.4719126755002065	6.2172
0.7963997953025864	0.060440396038391526	0.14314015782182268	1.965083719937473e-05	0.08611360580960196	0.3955938343182387	0.002557252980967584	0.5157180186866475	6.915281817731925e-05	0.024117013756939858	0.0012951509471169893	1853.8700422889583	125263.55234095079	41754.5174469836	67956.03664691278	-4.4488677857439525	6.2172
0.7947243590382261	0.06196856595784453	0.1432869124724945	2.0162531434776276e-05	0.08685869633117349	0.3950385798014725	0.0025726511212699242	0.5155128581493224	6.885838704719327e-05	0.02456905354691759	0.0013359393896392035	1853.8741364443904	126831.22745292164	42277.07581764054	68857.48639302104	-4.427425436400121	6.2172
0.7931496012042963	0.06340400294825066	0.1434257521635116	2.0643683941315426e-05	0.0875563584431685	0.3945188731932798	0.002586790411329867	0.5153208323209733	6.858252499422748e-05	0.025029745718694332	0.0013780172521559565	1853.8783599432295	128418.05400965565	42806.01800321855	69767.38261225988	-4.407458347077362	6.2172
0.7916694183313648	0.06475257621552333	0.14355690928208978	2.1096171021993143e-05	0.08820981541528942	0.39403224356321936	0.0025998318708693974	0.5151410281575942	6.83239721103083e-05	0.0254992475314868	0.0014214252018974686	1853.8827168595521	130024.29680111524	43341.43226703841	70685.98834085316	-4.388851321746025	6.2172
0.7902780648343265	0.06601974526761385	0.14368066815286848	2.152174519118078e-05	0.08882205008589227	0.39357641837004714	0.002611905208701438	0.5149726059438975	6.808156584643868e-05	0.02597771955017937	0.0014662051850459635	1853.8872113952202	131650.22156929053	43883.40718976351	71613.5588645979	-4.371499866762755	6.2172
0.7889701383372097	0.067210595207933	0.1437973444099922	2.1922044865209825e-05	0.08939582458288352	0.393149303648147	0.002623116249751811	0.5148147919612687	6.785423179627909e-05	0.026465325681280124	0.0015124004681210776	1853.8918478839964	133296.0953081468	44432.031769382265	72550.3426977547	-4.355308992897937	6.2172
0.7877405633557554	0.06832986782969419	0.14390727021154498	2.2298603005523592e-05	0.08993369842828801	0.3927489667461017	0.002633552478189258	0.5146668721035194	6.764097560694493e-05	0.026962233212548616	0.0015600556804637586	1853.8966307957635	134962.18652074286	44987.39550691429	73496.58242640703	-4.340192173226434	6.2172
0.7865845743156458	0.06938198908867728	0.14401078374079393	2.265285488296423e-05	0.09043804505770581	0.3923736212415948	0.0026432871822404907	0.5145281862994993	6.74408758385657e-05	0.027468612855895375	0.0016092168579090159	1853.901564740865	136648.76544307533	45549.58848102511	74452.51543622212	-4.326070435899743	6.2172
0.785497698371454	0.07037109364464203	0.14410822183881325	2.2986145090748538e-05	0.09091106691526221	0.39202161364742305	0.0026523825688566397	0.5143981235990505	6.725307763052698e-05	0.02798463879324728	0.0016599314877019016	1853.906654474562	138356.10423972653	46118.701413242175	75418.37454958203	-4.312871571062809	6.2172
0.7844757384245902	0.07130104691546053	0.14419991492604026	2.3299733909051822e-05	0.09135480923203884	0.39169141163653837	0.0026608921135549022	0.5142761178211033	6.707678705911168e-05	0.028510488725120044	0.0017122485547355433	1853.911904901623	140084.47717770268	46694.82572590089	76394.38858768692	-4.3005294357493185	6.2172
0.7835147566784285	0.07217546492259264	0.1442861835958642	2.3594803114841233e-05	0.09177117256179737	0.39138159359231306	0.002668862337437484	0.5141616436919305	6.691126608661362e-05	0.029046343921702997	0.0017662185891731425	1853.9173210810509	141834.1607824459	47278.05359414863	77380.78286665132	-4.288983343990258	6.2172
0.7826110588065929	0.07299773231409638	0.14436733641801167	2.3872461299174052e-05	0.09216192422087746	0.39109083926764804	0.0026763341610764393	0.5140542133933915	6.67558280262103e-05	0.02959238927630008	0.0018218937155020938	1853.922908230944	143605.43397829682	47868.477992765605	78377.77964149196	-4.27817752933679	6.2172
0.7817611788721472	0.07377101876076787	0.14444366861833402	2.4133748750896114e-05	0.09252870871339959	0.3908179214172168	0.0026833439401173992	0.5139533734709022	6.660983345596715e-05	0.030148813360992188	0.001879327703089265	1853.9286717335094	145398.57821694852	48466.19273898284	79385.59850426899	-4.2680606704114155	6.2172
0.7809618650278871	0.07449829394359408	0.1445154613865628	2.437964195590263e-05	0.09287305724392696	0.39056169826948967	0.002689924263162982	0.5138587020517891	6.647268652568187e-05	0.030715808484421788	0.001938576018288896	1853.934617140228	147213.87759547174	49071.292531823914	80404.45674383726	-4.258585470809612	6.2172
0.7802100660509448	0.0751823412592847	0.14458298163201613	2.461105775437855e-05	0.0931963963869592	0.39032110674611525	0.002696104569185153	0.5137698063398383	6.634383160866947e-05	0.03129357075161607	0.0019996958781624582	1853.940750177172	149051.618965799	49683.872988599665	81434.56967091322	-4.249708286613249	6.2172
0.7795029186590358	0.0758257704326177	0.1446464820511601	2.482885718660274e-05	0.09350005601346487	0.39009515632153086	0.002701911631004688	0.5136863203464346	6.622275026029952e-05	0.03188230012578368	0.002062746305861605	1853.9470767504895	150912.09203658727	50304.03067886242	82476.15091510164	-4.241388794785203	6.2172
0.7788377355831174	0.07643102915797119	0.14470620140985405	2.5033849057429696e-05	0.09378527654793159	0.3898829234451767	0.002707369937685599	0.5136079028295938	6.610895844867241e-05	0.03248220049202852	0.0021277881877386066	1853.9536029520564	152795.58946913914	50931.86315637972	83529.4126978905	-4.233589697138142	6.2172
0.778211994426479	0.07700041380826171	0.1447623649720088	2.5226793250434108e-05	0.09405321559354558	0.38968354648318254	0.00271250199731788	0.5135342354249477	6.600200402521245e-05	0.033093479722942	0.0021948843322442705	1853.960335065299	154702.4069683928	51567.46898946427	84594.5660818971	-4.226276456103669	6.2172
0.7776233272481945	0.07753607932738998	0.1448151850206071	2.5408403808307696e-05	0.09430495399632542	0.3894962211131833	0.0027173285802266217	0.5134650209441614	6.590146441255106e-05	0.03371634974604543	0.0022640995306630234	1853.967279571203	156632.84336902722	52210.94778967574	85671.82120023506	-4.2194170580888075	6.2172
0.7770695107700494	0.07804004844712607	0.14486486143102523	2.5579351799450997e-05	0.09454150142899888	0.3893201961009861	0.00272186891944821	0.513399981814445	6.580694448700307e-05	0.034351026613053504	0.0023355006197492935	1853.9744431544973	158587.20071764386	52862.40023921462	86761.38747134304	-4.21298180032514	6.2172
0.7765484572760211	0.07851422018028341	0.1449115822757015	2.5740267993960676e-05	0.09476380149279365	0.3891547694569951	0.0027261408731670033	0.5133388586583858	6.571807463345652e-05	0.03499773057094021	0.0024091565463390204	1853.9818327100393	160565.7843523815	53521.928117460506	87863.47379586943	-4.206943099655673	6.2172
0.7760582060571458	0.0789603777624237	0.1449555244350732	2.5891745357222503e-05	0.09497273642854528	0.38899928489577196	0.002730161062657132	0.5132814089857859	6.563450895907974e-05	0.03565668613480407	0.002485138433981031	1853.9894553493887	162568.902979068	54189.634326356	88978.28874263147	-4.201275319452159	6.2172
0.7755969154716085	0.079380195979671	0.14499685420733963	2.603434138075113e-05	0.09516913142644416	0.38885312860633603	0.0027339449859894887	0.5132274060003182	6.555592364807194e-05	0.03632812216251792	0.0025635196516732885	1853.9973184075905	164596.86874568823	54865.62291522941	90106.04071963824	-4.195954613816205	6.2172
0.7751628554609623	0.07977524805738777	0.14503572790139246	2.616858025750928e-05	0.09535375862390506	0.3887157262599361	0.002737507118371902	0.5131766374939253	6.54820154465099e-05	0.03701227193116975	0.0026443758847510637	1854.005429450162	166649.99731411957	55549.99910470652	91246.93813766209	-4.190958785707201	6.2172
0.7747544006157133	0.08014701201546334	0.1450722924139027	2.6294954920589338e-05	0.09552734076453293	0.38858654027744177	0.002740860995812806	0.513128904837147	6.541250026183378e-05	0.03770937321528768	0.0027277852080201345	1854.0137962803021	168728.6079310368	56242.869310345595	92401.18956085386	-4.18626715891283	6.2172
0.7743700236622089	0.08049687662779358	0.14510668578105057	2.6413928947061333e-05	0.09569055458883836	0.3884650672991107	0.0027440192898603036	0.5130840220442229	6.534711187065916e-05	0.03841966836686543	0.0028138281611810602	1854.0224269463158	170833.02349655915	56944.34116551972	93569.00385026741	-4.1818604612852	6.2172
0.7740082893774403	0.08082614697897764	0.1451390377052398	2.6525938342239726e-05	0.09584403396455808	0.38835083585107905	0.0027469938732983435	0.5130418149108839	6.52856007224614e-05	0.039143404397186575	0.002902587826636566	1854.031329749273	172963.57063211984	57654.52354403995	94750.59029919069	-4.177720718451653	6.2172
0.7736678488753723	0.08113604967697025	0.14516947005444944	2.6631393208180158e-05	0.0959883727912889	0.38824340418110465	0.002749795879718538	0.5130021202146796	6.522773283318392e-05	0.03988083306046443	0.0029941499097505065	1854.040513250904	175120.57974726465	58373.52658242155	95946.1587625232	-4.17383115657893	6.2172
0.7733474343194562	0.08142773766351065	0.14519809733771968	2.6730679313519614e-05	0.0961241276631337	0.3881423582775462	0.002752435754118956	0.5129647849830121	6.51732887564648e-05	0.04063221093931033	0.003088602821642957	1854.0499862817333	177304.38510594287	59101.46170198096	97155.91977640288	-4.1701761142021505	6.2172
0.7730458539132333	0.08170229477667369	0.1452250271505361	2.6824159556949117e-05	0.09625182036276358	0.388047310012638	0.002754923301846567	0.5129296658070934	6.512206263333587e-05	0.0413977995320507	0.0031860377645824213	1854.0597579494697	179515.32489129683	59838.44163043227	98380.08467539241	-4.166740960802402	6.2172
0.7727619872534929	0.08196073997420575	0.14525036059695662	2.6912175344903608e-05	0.09637194015495149	0.38795789543702147	0.002757267730907146	0.5128966282117932	6.50738613070807e-05	0.04217786534190018	0.0032865488200863823	1854.069837647653	181753.74127080827	60584.580423602754	99618.8657018261	-4.163512022674876	6.2172
0.7724947809430911	0.08220403132417513	0.14527419268485184	2.6995047882047412e-05	0.09648494593092077	0.3878737731844835	0.002759477692515727	0.5128655460662047	6.5028503501529e-05	0.042972679968022384	0.0033902330397906806	1854.0802350645658	184019.9804604127	61339.99348680424	100872.4761123264	-4.160476514457278	6.2172
0.7722432445251596	0.082433069695827	0.1452966126996298	2.707307938356973e-05	0.09659126818040106	0.38779462300651013	0.0027615613161463266	0.5128363010421784	6.49858190562094e-05	0.04378252019849204	0.0034971905391954204	1854.0909601924218	186314.3927888499	62104.79759628329	102141.13027727403	-4.157622476705007	6.2172
0.7720064466205531	0.08264870227282499	0.14531770455241333	2.7146554208603733e-05	0.09669131084811815	0.38772014439121205	0.0027635262445870547	0.5128087821040286	6.494564821671066e-05	0.04460766810518863	0.003607524594357288	1854.1020233368336	188637.33276116016	62879.110920386716	103425.043779334	-4.154938717811541	6.2172
0.7717835113607222	0.08285172578959837	0.14533754710974917	2.72157399302722e-05	0.09678545303688604	0.38765005529816393	0.002765379663637503	0.5127828850410698	6.490784097069864e-05	0.0454484111406384	0.0037213417416482233	1854.1134351265753	190989.1591228796	63663.053040959865	104724.43350504042	-4.1524147611091555	6.2172
0.7715736150111182	0.08304288959960757	0.1453562145009387	2.7280888335564613e-05	0.09687405060719063	0.38758409096909485	0.002767128331426319	0.5127585120281802	6.487225643166041e-05	0.04630504223684119	0.0038387518806475914	1854.125206523643	193370.23492339207	64456.744974464025	106039.51773493674	-4.150040795681631	6.2172
0.7713759828123193	0.0832228985444101	0.14537377640690294	2.7342236367697743e-05	0.09695743766357301	0.38752200282304555	0.002768778605243368	0.5127355712175724	6.4838762262508e-05	0.0471778599060997	0.003959868380291321	1854.1373488336221	195780.9275798299	65260.30919327663	107370.51623010318	-4.1478076310202665	6.2172
0.77118988602535	0.08339241563619627	0.14539029833144548	2.7400007008233165e-05	0.09703592793613597	0.38746355742971966	0.002770336466150588	0.5127139763594589	6.480723413947578e-05	0.04806716834388663	0.00408480818836972	1854.1498737163765	198221.60894096832	66073.86964698943	108717.65031529052	-4.145706655193868	6.2172
0.7710146391551708	0.08355206457943716	0.14540584185528307	2.7454410109041855e-05	0.09710981607072051	0.38740853555051935	0.002771807542223367	0.5126936464477243	6.477755524993015e-05	0.04897327753377877	0.0042136919444791514	1854.1627931970613	200692.65535115867	66897.55178371955	110081.1429596965	-4.14372979607993	6.2172
0.7708495973286015	0.08370243215461189	0.14542046487361676	2.7505643169901454e-05	0.09717937883994349	0.3873567312378926	0.002773197131063623	0.5126745053871439	6.474961582553115e-05	0.04989650335448776	0.004346644096540827	1854.176119677476	203194.44771455915	67731.48257151972	111461.21885636964	-4.141869485252834	6.2172
0.7706941538786847	0.08384407040812811	0.14543422182111368	2.7553892073628192e-05	0.09724487625347948	0.38730795101096127	0.002774510218595882	0.5126564816887874	6.472331270379173e-05	0.05083716768902138	0.004483793021003961	1854.189865947762	205727.3715599137	68575.79051997124	112858.10449645887	-4.140118625029351	6.2172
0.7705477380028928	0.083977498786134	0.1454471638792003	2.7599331772935637e-05	0.09730655262783489	0.38726201305885255	0.0027757515004243945	0.5126395081756581	6.469854892022377e-05	0.05179559853601288	0.0046252711468280725	1854.2040451984594	208291.81710490282	69430.60570163427	114272.02824626192	-4.138470557017695	6.2172
0.7704098126739908	0.08410320602304225	0.14545933917602621	2.764212694074146e-05	0.09736463753720222	0.38721874653589994	0.0027769253962889474	0.5126235217222777	6.467523332468939e-05	0.05277213012324338	0.0047712150834062295	1854.2186710329304	210888.1793220988	70296.05977403292	115703.22041514401	-4.136919034187307	6.2172
0.7702798725342169	0.08422165206658833	0.14547079296661986	2.7682432574777397e-05	0.09741934676614822	0.3871779908507855	0.0027780360709783497	0.5126084629920316	6.465328022573729e-05	0.05376710302341044	0.004921765752486825	1854.2337574801613	213516.8580034699	71172.28600115664	117151.91333138295	-4.1354581932242915	6.2172
0.7701574420710339	0.08433326972421282	0.1454815678101795	2.772039457360733e-05	0.09747088313227237	0.3871395950573732	0.0027790874460021657	0.5125942762120888	6.463260905405602e-05	0.054780864272154124	0.005077068524315142	1854.2493190079572	216178.25782779104	72059.41927593034	118618.34140600706	-4.134082530611667	6.2172
0.770042073800653	0.08443846631884433	0.14549170373022885	2.7756150273756925e-05	0.09751943730153491	0.38710341724737646	0.002780083216076428	0.512580908949	6.461314404954059e-05	0.05581376748841375	0.005237273358014311	1854.265370536532	218872.78842587114	72957.59614195705	120102.7412022804	-4.13278687916166	6.2172
0.7699333465702388	0.0845376252345371	0.14550123836627113	2.778982895284163e-05	0.09756518854723875	0.3870693239854268	0.002781026863882295	0.5125683118999599	6.459481396930698e-05	0.0568661729971168	0.005402534946438503	1854.2819274525182	221600.8644480857	73866.95481602856	121605.35150322474	-4.131566386261154	6.2172
0.7698308640129293	0.08463110731617136	0.14551020711859008	2.782155230925166e-05	0.09760830543825384	0.3870371897983053	0.002781921671402712	0.5125564387040855	6.457755181077095e-05	0.057938447954266115	0.005573012865597986	1854.2990056233962	224362.90563229786	74787.63521076595	123126.41337440345	-4.130416494183111	6.2172
0.7697342530581934	0.08471925222508626	0.1455186432818138	2.7851434906591153e-05	0.09764894650031755	0.3870068966828268	0.0027827707326327764	0.512545245760584	6.456129455565514e-05	0.05903096647446457	0.0057488717287810095	1854.3166214123648	227159.33687144393	75719.77895714798	124666.17022831248	-4.129332921284705	6.2172
0.769643162544505	0.08480237969979086	0.14552657817110767	2.7879584596477928e-05	0.09768726082984823	0.38697833364945955	0.0027835769648347987	0.5125346920601255	6.454598292750446e-05	0.060144109760906866	0.005930281345558208	1854.3347916936582	229990.5882823977	76663.5294274659	126224.86788684888	-4.128311644612742	6.2172
0.7695572618969082	0.08488079076031901	0.1455340412398594	2.7906102913355443e-05	0.09772338867724689	0.3869513962880585	0.0027843431200168505	0.5125247390243862	6.4531561165842e-05	0.06127826623789169	0.006117416885802478	1854.3535338683296	232857.09527522145	77619.03175840715	127802.75464421316	-4.12734888345074	6.2172
0.7694762399167386	0.08495476880594947	0.14554106019186513	2.7931085446864283e-05	0.09775746197904968	0.38692598637266384	0.0027850717940568243	0.5125153503600263	6.451797681392083e-05	0.0624338316858955	0.006310459048897342	1854.372865880506	235759.29862340752	78586.43287446917	129400.08132656729	-4.126441084335056	6.2172
0.7693998036085726	0.08502458068444166	0.14554766108479417	2.79546221914943e-05	0.09778960487245945	0.38690201147822834	0.0027857654371083855	0.5125064919170739	6.450518051989837e-05	0.06361120937925858	0.00650959423827277	1854.39280623414	238697.64453416943	79565.88151138982	131017.10135359362	-4.125584906642978	6.2172
0.7693276771186848	0.08509047765396506	0.14555386842947185	2.7976797878454693e-05	0.09781993415951765	0.3868793846361	0.0027864263612885735	0.5124981315616316	6.449312584881654e-05	0.06481081022652083	0.00671501474147031	1854.4133740102584	241672.5847200976	80557.52824003254	132654.07079626186	-4.124777209602056	6.2172
0.7692596006902359	0.08515269633681707	0.1455597052806645	2.7997692282581876e-05	0.09784855976316689	0.38685802399399977	0.0027870567503158164	0.5124902390502403	6.448176910891335e-05	0.06603305291346509	0.0069269189158732295	1854.434588884733	244684.57647072885	81561.52549024294	134311.24843758557	-4.1240150395976505	6.2172
0.7691953297028303	0.08521145959273792	0.1455651933239161	2.8017380515746018e-05	0.0978755851452818	0.38683785250509645	0.002787658667328394	0.5124827859149967	6.447106918615827e-05	0.06727836404890476	0.007145511380326655	1854.4564711465846	247734.08272576283	82578.02757525428	135988.8958311323	-4.123295618556111	6.2172
0.7691346337970988	0.08526697731144799	0.1455703529581522	2.8035933301129426e-05	0.09790110768667648	0.3868187976461232	0.002788234060951958	0.5124757453594009	6.446098738993955e-05	0.06854717831327913	0.007371003212798338	1854.4790417168333	250821.57214860176	83607.19071620058	137687.2773569096	-4.122616333395221	6.2172
0.7690772959860879	0.08531944722664177	0.14557520337004	2.805341723036363e-05	0.09792521907266315	0.3868007911292898	0.0027887847743102013	0.5124690921519097	6.445148730854028e-05	0.06983993861010108	0.00760361215426531	1854.5023221679116	253947.5192001054	84649.1730667018	139406.6602820415	-4.121974725387836	6.2172
0.769023111890562	0.0853690556067064	0.1455797626077232	2.806989500848278e-05	0.09794800562346584	0.38678376865753733	0.0027893125498206464	0.5124628025355082	6.444253467196995e-05	0.07115709622030056	0.00784356281907783	1854.5263347436621	257112.4042144673	85704.13473815577	141147.31481537683	-4.121368481028289	6.2172
0.7689718889572881	0.08541597797030778	0.14558404764672467	2.8085425679543175e-05	0.0979695486321188	0.38676766967216586	0.002789819036950002	0.512456854134459	6.443409722561882e-05	0.07249911095953691	0.008091086911925347	1854.5511023799227	260316.7134744468	86772.2378248156	142909.51416690962	-4.120795422748994	6.2172
0.7689234457842483	0.08546037969582443	0.14558807445508198	2.8100064845350635e-05	0.09798992465493858	0.38675243713769375	0.0027903057964041313	0.5124512258748115	6.442614460826682e-05	0.07386645133851266	0.008346423451693221	1854.5766487257313	263560.9392887326	87853.64642957754	144693.53460196813	-4.1202535009255685	6.2172
0.768877611437265	0.08550241664607813	0.14559185805179117	2.811386486576732e-05	0.09800920580589034	0.3867380173221791	0.002790774306637729	0.5124458979032328	6.441864824033805e-05	0.07525959472636323	0.008609819002351407	1854.6029981651536	266845.58006888436	88948.52668962812	146499.6554992877	-4.11974078581695	6.2172
0.7688342248127006	0.0855422357497156	0.14559541256253572	2.8126875048010913e-05	0.09802746003053624	0.3867243595930464	0.002791225969545276	0.5124408515115675	6.441158121849624e-05	0.07667902751716027	0.008881527911166883	1854.630175839763	270171.14040817565	90057.04680272522	148328.15940845473	-4.119255460074955	6.2172
0.7687931340843657	0.08557997549966559	0.1455987512741385	2.813914183033307e-05	0.09804475134286268	0.38671141624191707	0.002791662113551408	0.5124360690721156	6.440491821372786e-05	0.0781252452996016	0.009161812554437983	1854.65820767178	273538.13116121036	91179.37705373678	150179.33210329228	-4.118795812259191	6.2172
0.7687541961168733	0.08561576649195965	0.14560188668222082	2.8150708946137218e-05	0.09806114007715447	0.38669914229608726	0.0027920839999386556	0.5124315339679745	6.439863538011438e-05	0.07959875302994561	0.009450943590957122	1854.687120387895	276947.0695234267	92315.68984114223	152053.46264094074	-4.118360229983092	6.2172
0.76871727594804	0.085649731896072	0.14560483053830375	2.8161617584422645e-05	0.09807668310937857	0.3866874953539353	0.002792492826894784	0.5124272305322249	6.439271026595208e-05	0.08110006520823361	0.009749200223527016	1854.7169415437938	280398.47911298665	93466.15970432888	153950.84341789436	-4.11794719388426	6.2172
0.7686822463096072	0.085681987889629	0.14560759389422295	2.817190654065884e-05	0.09809143406184975	0.38667643543293284	0.0027928897330130533	0.5124231439917718	6.438712173029086e-05	0.08262970605788482	0.010056870468714056	1854.7476995494023	283892.89005284425	94630.96335094808	155871.77022539137	-4.117555272055346	6.2172
0.7686489871754811	0.085712644068626	0.1456101871435363	2.818161235663436e-05	0.0981054434959908	0.38666592482639867	0.002793275800726473	0.5124192604144177	6.438184986562735e-05	0.08418820970871473	0.01037425143511614	1854.7794236948685	287430.83905359404	95810.27968453134	157816.542304952	-4.117183114806828	6.2172
0.7686173852965255	0.0857418038753222	0.14561262005870027	2.819076945211038e-05	0.09811875911122268	0.38665592795449544	0.0027936520614941962	0.5124155666538064	6.437687592512714e-05	0.0857761203834373	0.010701649610420343	1854.8121441773042	291012.8694973091	97004.28983243636	159785.46240765345	-4.116829449285442	6.2172
0.7685873338037384	0.08576956495754505	0.14561490182846717	2.819941024926553e-05	0.09813142591376368	0.3866464112390148	0.0027940194984998707	0.5124120503031582	6.43721822539999e-05	0.08739399258771663	0.01103938115756259	1854.8458921283072	294639.5315233039	98213.17717443463	161778.8368497591	-4.116493074897858	6.2172
0.7685587318491904	0.08579601949233082	0.14561704109318563	2.8207565293169282e-05	0.09814348636906073	0.38663734299062635	0.0027943790486471766	0.51240869965361	6.436775222320545e-05	0.08904239130384964	0.011387772220210566	1854.880699642284	298311.38211395143	99437.12737131714	163796.9755671993	-4.11617285917834	6.2172
0.7685314841973381	0.08582125456470031	0.14561904597460346	2.8215263358091293e-05	0.09815498057639836	0.38662869327743726	0.0027947316079728743	0.5124055036456487	6.436357017076976e-05	0.09072189218813209	0.011747159237882679	1854.9165998055855	302028.985181177	100676.32839372566	165840.19217692895	-4.115867733086043	6.2172
0.7685055009151971	0.08584535244516778	0.14562092410808067	2.8222531554452573e-05	0.09816594639993356	0.3866204338284556	0.002795078032832265	0.5124024518334428	6.435962134305746e-05	0.09243308177197072	0.01211788927108704	1854.9536267264978	305792.91165570356	101930.97055190119	167908.80403135304	-4.11557668745721	6.2172
0.768480697046469	0.08586839088749272	0.1456226826706129	2.8229395425284784e-05	0.09817641960717274	0.3866125379302781	0.0027954191429199354	0.5123995343466687	6.435589184172604e-05	0.094176557666841	0.012500320336665498	1854.9918155660835	309603.73957554036	103201.24652518012	170003.13227635497	-4.115298769272303	6.2172
0.7684569923049909	0.08589044340860483	0.14562432840736522	2.8235879039066855e-05	0.09818643399911035	0.38660498033003715	0.0027957557240570856	0.5123967418546522	6.435236857273967e-05	0.09595292877313141	0.012894821753763537	1855.0312025699172	313462.0541763891	104487.35139212971	172123.50190959423	-4.1150330781508195	6.2172
0.7684343107818633	0.0859115795564799	0.14562586765658014	2.8242005076605072e-05	0.09819602153452414	0.3865977371426085	0.0027960885309864974	0.5123940655320812	6.43490391986746e-05	0.09776281549296233	0.013301774500732102	1855.071825100727	317368.4479831455	105789.48266104849	174270.2418395469	-4.114778763007404	6.2172
0.7684125806895447	0.08593186514158556	0.14562730637395796	2.8247794911798392e-05	0.09820521243815943	0.38659078577041983	0.002796418289020116	0.5123914970293769	6.434589209444051e-05	0.09960684994705332	0.013721571583311958	1855.1137216719676	321323.5209026245	107107.84030087484	176443.68494291534	-4.11453501913821	6.2172
0.768391734113582	0.08595136246279227	0.14562865015493484	2.8253268690934802e-05	0.09821403530580952	0.3865841048252589	0.0027967456960528293	0.5123890284438027	6.434291630385643e-05	0.10148567619571817	0.01415461841443144	1855.1569319823484	325327.88031691336	108442.62677230446	178644.16812317292	-4.114301085395518	6.2172
0.7683717067405205	0.08597013056000091	0.14562990425407732	2.8258445401268198e-05	0.09822251722009259	0.3865776740410174	0.0027970714262910146	0.5123866522872235	6.434010150197785e-05	0.1033999504640556	0.014601333206012038	1855.2014969513377	329382.1411780578	109794.04705935261	180872.03237344802	-4.114076241087173	6.2172
0.7683524376856491	0.08598822536394632	0.14563107360746103	2.8263342943533198e-05	0.09823068382229604	0.3865714742217517	0.0027973961295483137	0.512384361466915	6.433743795555335e-05	0.10535034137141887	0.015062147373200848	1855.2474587556749	333486.9261049315	111162.30870164384	183127.62283109687	-4.113859804034606	6.2172
0.768333869221024	0.08600569995276369	0.1456321628480199	2.8267978192483874e-05	0.09823855942856914	0.3865654871532316	0.0027977204361947197	0.5123821492528822	6.433491648974091e-05	0.10733753016526278	0.015537505951280058	1855.294860866903	337642.8654790562	112547.62182635207	185411.28884432517	-4.1136511274718535	6.2172
0.7683159466290034	0.08602260467802442	0.14563317632591288	2.8272367059327912e-05	0.09824616709073086	0.3865596955592791	0.0027980449561501005	0.5123800092617264	6.433252845409383e-05	0.1093622109594107	0.016027868025882554	1855.3437480899604	341850.5975445819	113950.1991815273	187723.38402756353	-4.113449598402237	6.2172
0.7682986179798619	0.08603898737270523	0.1456341181228839	2.827652454895892e-05	0.09825352869094454	0.3865540830300906	0.0027983702823801667	0.512377935430162	6.433026569121079e-05	0.11142509097687911	0.016533707176672217	1855.3941666028418	346110.76850650605	115370.25616883535	190064.26632650764	-4.113254635070705	6.2172
0.7682818339681781	0.08605489349846278	0.14563499206854724	2.828046481190886e-05	0.0982606650105027	0.38654863397140454	0.002798696991732261	0.5123759219962333	6.432812050836345e-05	0.11352689079729103	0.017055511935151424	1855.4461639973674	350424.0326324575	116808.01087748584	192434.29807865142	-4.113065685118813	6.2172
0.768265547744682	0.08607036629938804	0.1456358017547334	2.8284201196547065e-05	0.0982675958008432	0.3865433335514953	0.0027990256465189305	0.5123739634797304	6.432608564900363e-05	0.11566834460900828	0.017593786256881756	1855.4997893210766	354791.052354467	118263.68411815567	194833.8460759451	-4.112882223684702	6.2172
0.7682497147487725	0.08608544695626164	0.14563655054867022	2.8287746295681685e-05	0.09827433985441547	0.38653816764803306	0.0027993567964308607	0.5123720546625539	6.43241542672946e-05	0.11785020046604862	0.018149050008648828	1855.555093120278	359212.49837241013	119737.49945747004	197263.28162904768	-4.112703751509886	6.2172
0.768234292587142	0.08610017469383227	0.14563724160703342	2.8291111992310076e-05	0.09828091505535125	0.38653312281107477	0.0027996909785576465	0.5123701905750405	6.432231990320828e-05	0.1200732205498855	0.018721839471040794	1855.612127484277	363689.04975901253	121229.68325300417	199722.98062805305	-4.112529793578889	6.2172
0.7682192408576288	0.08611458694683798	0.14563787788603313	2.8294309500038405e-05	0.0982873384545137	0.38652818620596197	0.0028000287205443854	0.5123683664748648	6.432057646038752e-05	0.12233818143622849	0.0193127078568608	1855.6709460908123	368221.3940651128	122740.46468837094	202213.32361094863	-4.112359897121725	6.2172
0.7682045210322254	0.08612871946456223	0.14563846215380763	2.8297349404909855e-05	0.09829362631846059	0.38652334557730383	0.002800370540959281	0.5123665778337305	6.431891818338515e-05	0.12464587436685873	0.01992222584602004	1855.7316042527264	372810.2274280761	124270.07580935869	204734.69582700083	-4.112193630302716	6.2172
0.7681900963265584	0.08614260643094859	0.14563899700079203	2.8300241700912967e-05	0.09829979418457946	0.3865185892076551	0.0028007169507528714	0.512364820322103	6.431733963827802e-05	0.12699710552665014	0.02055098213727046	1855.794158965894	377456.2546801178	125818.75156003928	207287.48730321834	-4.112030580749741	6.2172
0.7681759316004034	0.08615628055325665	0.14563948485051295	2.8302995827076932e-05	0.09830585690266073	0.38651390588699247	0.002801068453492406	0.5123630897979312	6.43158356925013e-05	0.12939269632584752	0.021199584017412492	1855.858668958441	382160.1894586122	127386.72981953739	209872.0929087083	-4.111870354441346	6.2172
0.7681619932258062	0.08616977318572888	0.14563992796776526	2.8305620699781945e-05	0.09831182869092815	0.3865092848702185	0.0028014255475334346	0.5123613822909455	6.431440149719406e-05	0.13183348368771255	0.021868657948461264	1855.9251947412718	386922.7543170794	128974.25143902646	212488.91242435318	-4.1117125742163845	6.2172
0.768148248986785	0.08618311442065163	0.14564032846781944	2.830812474387159e-05	0.0983177231781758	0.38650471584585333	0.002801788726763531	0.5123596939910896	6.431303247025956e-05	0.1343203203416276	0.022558850173442998	1855.9937986599446	391744.6808387643	130581.5602795881	215138.35061027348	-4.111556878649467	6.2172
0.7681346679859423	0.08619633317319399	0.14564068832494087	2.8310515922899493e-05	0.09832355344300099	0.38650018890687243	0.002802158481310932	0.5123580212377458	6.431172427990992e-05	0.1368540751217824	0.023270827341309277	1856.0645449479146	396626.7097509092	132208.90325030306	217820.8172739171	-4.111402921004288	6.2172
0.7681212205157237	0.08620945730385253	0.1456410093786589	2.8312801764930864e-05	0.09832933206872344	0.3864956945086808	0.0028025353001829793	0.5123563605042051	6.43104728305322e-05	0.13943563327153694	0.024005277151610938	1856.1374997811686	401569.59104044776	133856.5303468159	220536.72734402269	-4.111250367776563	6.2172
0.7681078780377488	0.0862225136284121	0.1456412933444469	2.8314989392127207e-05	0.09833507115068207	0.3864912234656233	0.002802919668752012	0.5123547083963809	6.430927424674479e-05	0.14206589675356723	0.024762909019638783	1856.2127313342935	406574.0840724913	135524.69469083045	223286.50093261464	-4.11109889848771	6.2172
0.7680946130250265	0.08623552807291608	0.1456415418165153	2.8317085542156678e-05	0.09834078236429451	0.38648676689784517	0.0028033120734733026	0.5123530616331716	6.430812486157045e-05	0.14474578456593074	0.025544454762408353	1856.2903098379768	411640.9577070492	137213.6525690164	226070.56341560982	-4.110948203886146	6.2172
0.7680813989265821	0.08624852569990211	0.1456417562769222	2.831909659356084e-05	0.09834647697896085	0.3864823162222514	0.0028037130003653247	0.5123514170431217	6.430702120273604e-05	0.14747623306409974	0.02635066930661149	1856.370307638007	416770.9904218055	138923.66347393516	228889.3454994752	-4.11079798556941	6.2172
0.7680682100868209	0.08626153078362747	0.14564193810096435	2.8321028587327992e-05	0.09835216589220486	0.3864778631266983	0.0028041229362162647	0.5123497715548853	6.430595998091968e-05	0.15025819628916665	0.027182331418740206	1856.4527992557603	421964.97043269116	140654.9901442304	231743.28329502282	-4.110647955077274	6.2172
0.7680550216409872	0.08627456691042062	0.14564208856134667	2.8322887245612877e-05	0.09835785967437015	0.3864733995355914	0.002804542371004172	0.5123481221845144	6.430493807948548e-05	0.15309264630226488	0.028040244458399925	1856.5378614502247	427223.695817602	142407.89860586732	234632.8183958675	-4.110497832708443	6.2172
0.7680418094862947	0.086287657000053	0.1456422088356585	2.832467799388716e-05	0.09836356857994055	0.38646891760253627	0.0028049717966430764	0.5123464660327444	6.430395254253085e-05	0.15598057352535522	0.028925237155522105	1856.6255732815882	432547.9746426895	144182.65821422983	237558.3979483825	-4.110347347213438	6.2172
0.7680285501940595	0.08630082339005604	0.14564230000990622	2.8326405978440508e-05	0.09836930258509088	0.3864644096814433	0.0028054117090077543	0.5123448002743166	6.430300056531284e-05	0.15892298708852007	0.029838164412014163	1856.7160161763932	437938.6250878689	145979.5416959563	240520.4747309026	-4.110196234800819	6.2172
0.7680152209715287	0.08631408786814343	0.1456423630842445	2.832807608330171e-05	0.09837507140331173	0.38645986831540885	0.002805862607537214	0.5123431221538708	6.43020794850866e-05	0.16192091518384114	0.03077990812891011	1856.8092739943152	443396.47557607444	147798.82519202481	243519.50722768172	-4.110044238719	6.2172
0.7680017995629965	0.08632747176877285	0.14564239897528414	2.8329692946595116e-05	0.09838088452792035	0.38645528620364333	0.002806324998018931	0.5123414289737244	6.430118677212857e-05	0.16497540542603004	0.031751378059591474	1856.9054330965566	448922.36490260105	149640.78830086702	246555.9597126364	-4.1098911081336595	6.2172
0.7679882642327575	0.08634099598394439	0.14564240852232174	2.8331260976455934e-05	0.09838675123842577	0.3864506561977687	0.002806799391295261	0.512339718092505	6.430032002116078e-05	0.16808752521990883	0.032753512690165056	1857.0045824159224	454517.14236838516	151505.71412279506	249630.3023232655	-4.109736597953457	6.2172
0.7679745936862952	0.08635468103971021	0.14564239248962957	2.8332784364913876e-05	0.09839268063432287	0.386445971275625	0.0028072863053444108	0.5123379869154718	6.429947694374322e-05	0.17125836213491885	0.03378728014751588	1857.1068135285484	460181.66791224567	153393.88930408188	252743.01114462834	-4.109580467937557	6.2172
0.7679607670311273	0.08636854713105604	0.14564235157071517	2.8334267101540318e-05	0.09839868165135572	0.38644122452933444	0.0028077862653641283	0.5123362328901055	6.429865536087385e-05	0.17448902428673532	0.03485367913626101	1857.2122207273505	465916.81224715605	155305.60408238534	255894.56828923212	-4.109422482263088	6.2172
0.7679467637382881	0.08638261415682323	0.14564228639190005	2.8335712988586854e-05	0.0984047630776101	0.38643640915335703	0.0028082998040391133	0.5123344535016952	6.429785319479013e-05	0.17778064072617217	0.035953739905272834	1857.3209010971918	471723.4569969819	157241.1523323273	259085.46197823968	-4.10926240909797	6.2172
0.7679325635673426	0.08639690179306617	0.14564219751394158	2.8337125649456402e-05	0.09841093358573713	0.386431518419394	0.0028088274636886715	0.5123326462640643	6.429706846427692e-05	0.18113436183549056	0.03708852524480105	1857.43295459179	477602.49483506085	159200.83161168694	262316.18662952096	-4.109100019751167	6.2172
0.7679181465608391	0.08641142949374356	0.14564208543687318	2.8338508544290865e-05	0.09841720173452896	0.386426545676172	0.0028093697949877123	0.5123308087194922	6.429629927629484e-05	0.18455135973225387	0.03825913151527741	1857.5484841124044	483554.8296260743	161184.94320869143	265587.2429369786	-4.108935088626927	6.2172
0.7679034929624402	0.08642621657210005	0.14564195060048202	2.8339864977806694e-05	0.09842357600430046	0.3864214843216115	0.0028099273597032817	0.5123289384284293	6.429554382161696e-05	0.18803282868090676	0.03946668970850581	1857.6675955882806	489581.376567253	163193.79218908434	268899.1379627387	-4.108767392293426	6.2172
0.7678885832020674	0.08644128221151777	0.1456417933883044	2.8341198110569584e-05	0.0984300648026291	0.38641632779914253	0.0028105007299997478	0.5123270329681364	6.429480036875458e-05	0.19157998551217287	0.04071236654268697	1857.7903980589253	495683.06233443884	165227.68744481294	272252.38522083475	-4.1085967093286	6.2172
0.7678733978477493	0.08645664551200674	0.14564161412927507	2.8342510968798896e-05	0.09843667648491107	0.38641106958182697	0.0028110904896295813	0.5123250899268178	6.429406725860585e-05	0.19519407005048614	0.04199736559193434	1857.9170037581691	501860.8252275932	167286.94174253105	275647.50476745446	-4.108422819778376	6.2172
0.7678579175720536	0.08647232552147963	0.14564141310001305	2.83438064538224e-05	0.09844341936848401	0.3864057031616943	0.002811697234416411	0.5123231068996804	6.429334289932192e-05	0.19887634554955852	0.043322928451671086	1858.0475282000716	508115.615319591	169371.871773197	279085.02329051355	-4.1082455047838575	6.2172
0.7678421231122143	0.08648834127390462	0.14564119052652996	2.8345087351110663e-05	0.09845030174957066	0.3864002220367278	0.0028123215731349553	0.5123210814841261	6.429262576138649e-05	0.20262809913626945	0.04469033594090594	1858.1820902666639	514448.39460649504	171482.79820216502	282565.47420179134	-4.1080645461349965	6.2172
0.7678259952479146	0.08650471180921457	0.1456409465865333	2.8346356337446976e-05	0.09845733191246692	0.3863946197041003	0.0028129641275877124	0.5123190112772515	6.429191437373104e-05	0.20645064226302856	0.04610090934262616	1858.3208122975407	520860.137160152	173620.04572005066	286089.397727837	-4.107879726028047	6.2172
0.7678095147404631	0.08652145623385193	0.14564068140969608	2.834761598885241e-05	0.0984645181557909	0.38638888963950807	0.0028136255346590824	0.5123168938682121	6.429120731936942e-05	0.21034531116878263	0.0475560116834353	1858.463820181309	527351.829282166	175783.9430940553	289657.34100872674	-4.107690826376109	6.2172
0.7677926623228312	0.08653859372788247	0.1456403950804978	2.8348868788516592e-05	0.09847186879625519	0.386383025294797	0.002814306445795498	0.5123147268373447	6.429050323113078e-05	0.21431346734881945	0.049057049053888045	1858.6112434489119	533924.4696615961	177974.82322053204	293269.8581902373	-4.10749762870901	6.2172
0.7677754186699391	0.08655614357351156	0.14564008763941533	2.8350117133827236e-05	0.09847939218126701	0.38637702008826796	0.0028150075276821072	0.512312507752586	6.428980078783652e-05	0.21835649803357712	0.05060547197049416	1858.7632153688016	540579.0695327251	180193.02317757506	296927.51052082784	-4.107299913842615	6.2172
0.7677577643731059	0.08657412517942752	0.1456397590841237	2.8351363342976894e-05	0.09848709669971546	0.38637086739641713	0.0028157294627691237	0.5123102341664205	6.428909871071279e-05	0.22247581667658747	0.05220277678096348	1858.9198730439925	547316.6528358026	182438.8842786009	300630.86644957506	-4.107097461596047	6.2172
0.767739679875894	0.08659255814548576	0.14563940936896036	2.8352609659925814e-05	0.09849499080976683	0.38636456053187845	0.0028164729516851495	0.5123079036077296	6.428839576060986e-05	0.2266728634517512	0.05385050711398391	1859.0813575109717	554138.2563798173	184712.75212660574	304380.50173242553	-4.1068900500632175	6.2172
0.767721145497087	0.08661146223604647	0.14563903840860346	2.8353858263000242e-05	0.09850308302819633	0.3863580927526279	0.0028172387112996096	0.5123055135851928	6.42876907334437e-05	0.23094910576012204	0.055550255375135596	1859.247813840491	561044.9300092252	187014.9766697417	308176.9995252716	-4.106677455892715	6.2172
0.7677021413546884	0.08663085745781154	0.14563864607623273	2.8355111267299128e-05	0.09851138196351802	0.3863514572354395	0.0028180274779479038	0.5123030615774797	6.42869824587633e-05	0.23530603874642753	0.057303664289880714	1859.4193912401763	568037.7367691552	189345.91225638508	312020.9504958426	-4.106459453420707	6.2172
0.7676826473791885	0.0866507640435855	0.14563823220649386	2.8356370732209767e-05	0.09851989630962585	0.3863446470815358	0.002818840006051109	0.5123005450353385	6.428626979575509e-05	0.23974518582542706	0.05911242849590778	1859.596243159016	575117.7530772717	191705.91769242391	315912.9529218177	-4.106235814838529	6.2172
0.7676626432622119	0.08667120250452251	0.14563779659459944	2.835763866608933e-05	0.09852863486806908	0.38633765529881225	0.0028196770701853033	0.5122979613750257	6.428555163063962e-05	0.24426809921840334	0.06097829618560144	1859.7785273936415	582286.0688940312	194095.35629801042	319853.6128021159	-4.106006309610814	6.2172
0.7676421084299012	0.08669219365600828	0.14563733899706083	2.8358917029795296e-05	0.09853760655932856	0.38633047479309246	0.0028205394657830536	0.5122953079750774	6.428482687473619e-05	0.24887636049989262	0.0629030708009026	1859.9664061964406	589543.7878982075	196514.59596606917	323843.54396570695	-4.105770704181726	6.2172
0.7676210220449967	0.08671375861387325	0.14563685913338625	2.836020774366829e-05	0.0985468204214903	0.3863230983695371	0.0028214280085292363	0.5122925821768282	6.428409446073178e-05	0.25357158115492306	0.0648886127818452	1860.160046385446	596892.0276637562	198964.00922125205	327883.36817698524	-4.105528762012062	6.2172
0.7675993629620075	0.08673591884022948	0.1456363566850732	2.8361512689834842e-05	0.098556285629684	0.38631551871708636	0.002822343536230751	0.5122897812786635	6.428335334136826e-05	0.25835540314694294	0.06693684137043016	1860.3596194559668	604331.9198377649	201443.97327925498	331973.7152516198	-4.105280243072957	6.2172
0.7675771097066768	0.08675869616350063	0.14563583129610516	2.8362833717465274e-05	0.09856601150473235	0.3863077284017388	0.002823286909371714	0.5122869025335355	6.428260248659367e-05	0.2632294994966148	0.06904973647198023	1860.5653016939668	611864.6103230752	203954.87010769174	336115.22316989134	-4.105024903622261	6.2172
0.7675542404503823	0.08678211280395132	0.14563528257302089	2.8364172645546088e-05	0.09857600752405747	0.38629971985795813	0.002824259011976439	0.5122839431457874	6.428184088203714e-05	0.268195574871744	0.07122934057546666	1860.7772742911231	619491.2594623138	206497.08648743795	340308.5381929534	-4.104762495922264	6.2172
0.7675307329832903	0.08680619140056235	0.14563471008488044	2.836553126689696e-05	0.09858628333313114	0.38629148537962876	0.0028252607525459843	0.5122809002678124	6.428106752681457e-05	0.27325536618853247	0.07347776073482966	1860.9957234615326	627213.0422247376	209071.01407491253	344554.31498136773	-4.104492767943539	6.2172
0.7675065647099388	0.08683095501461398	0.14563411336409404	2.8366911353194858e-05	0.09859684874705596	0.3862830171189868	0.002826293063941714	0.5122777709996579	6.42802814308388e-05	0.2784106432243872	0.07579717061322536	1861.2208405600256	635031.14839576	211677.04946525334	348853.2167112928	-4.1042154633278365	6.2172
0.7674817126224577	0.08685642715712137	0.1456334919057635	2.8368314657544968e-05	0.09860771376206745	0.38627430707740235	0.0028273569045068592	0.5122745523856199	6.427948161340145e-05	0.28366320924251454	0.07818981259206169	1861.4528222020135	642946.7827679992	214315.59425599975	353205.9151970482	-4.103930321091808	6.2172
0.7674561532547644	0.08688263183593646	0.1456328451663831	2.8369742916041425e-05	0.09861888857536716	0.3862653470894497	0.002828453260051027	0.5122712414083566	6.4278667102261e-05	0.2890149016285034	0.08065799994714673	1861.6918703848442	650961.1653360996	216987.05511203318	357613.09101968736	-4.103637075112649	6.2172
0.7674298626878561	0.08690959354917635	0.1456321725651149	2.8371197852722903e-05	0.09863038358238668	0.386256128825341	0.0028295831432523233	0.5122678349897873	6.427783693101125e-05	0.2944675925391633	0.08320411909410493	1861.9381926105998	659075.531495298	219691.84383176602	362075.43364749773	-4.103335454205145	6.2172
0.7674028165303669	0.08693733730528115	0.14563147348316888	2.837268118310643e-05	0.09864220938506428	0.38624664378426565	0.0028307475945042733	0.5122643299886316	6.427699013716375e-05	0.3000231895638838	0.08583063190482905	1862.192002010222	667291.1322401615	222430.37741338718	366593.6415635754	-4.103025181911297	6.2172
0.7673749898842015	0.0869658886586503	0.14563074726253272	2.8374194615598874e-05	0.09865437680667632	0.38623688328241484	0.0028319476834841734	0.5122607231959843	6.427612576134018e-05	0.305683636398698	0.08854007809768834	1862.4535174689415	675609.2343673595	225203.07812245318	371168.42239874974	-4.102705976118656	6.2172
0.7673463573246939	0.08699527372985294	0.14562999320559938	2.837573985392318e-05	0.09866689690021348	0.386226838446295	0.002833184509935693	0.5122570113328443	6.427524284595032e-05	0.311450913533334	0.0913350777038207	1862.7229637529176	684031.1206821026	228010.3735607009	375800.49306383857	-4.102377548847958	6.2172
0.767316892894997	0.08702551921119332	0.14562921057520767	2.8377318601978973e-05	0.09867978095051119	0.38621650021105924	0.0028344592038232457	0.5122531910494982	6.427434043259344e-05	0.3173270389515306	0.09421833361174768	1863.0005716369842	692558.0902067485	230852.6967355828	380490.579881166	-4.1020396062049835	6.2172
0.7672865700508413	0.08705665242438235	0.14562839859221408	2.83789325621687e-05	0.09869304049825774	0.3862058593010428	0.0028357729279810825	0.5122492589183276	6.427341756286714e-05	0.3233140688448634	0.09719263419279817	1863.2865780334046	701191.4583915704	233730.48613052347	385239.41872913303	-4.1016918477601845	6.2172
0.7672553616980764	0.08708870128083404	0.14562755643764658	2.8380583442857618e-05	0.09870668732305982	0.3861949062435966	0.0028371268761036533	0.5122452114389214	6.427247327446165e-05	0.32941409834032864	0.1002608560104063	1863.5812261215779	709932.5573312647	236644.18577708825	390047.7551690952	-4.101333967000571	6.2172
0.7672232401126376	0.08712169436597689	0.14562668324842962	2.838227295574192e-05	0.09872073347844908	0.3861836313405477	0.002838522276823518	0.5122410450275291	6.427150660243524e-05	0.33562926224202966	0.1034259666148985	1863.8847654784845	718782.7359793724	239594.24532645746	394916.34460039245	-4.10096565042306	6.2172
0.7671901769744097	0.08715566090340499	0.14562577811936225	2.8384002822993546e-05	0.09873519127653223	0.38617202468074585	0.002839960391880458	0.5122367560216976	6.427051657547308e-05	0.34196173578711364	0.10669102742810382	1864.1974522099013	727743.360372338	242581.12012411267	399845.95239276014	-4.100586577945849	6.2172
0.7671561433114177	0.08719063081397356	0.14562484009983404	2.83857747747607e-05	0.0987500733123049	0.3861600761201769	0.002841442519041356	0.5122323406729226	6.426950221714111e-05	0.348413735416413	0.11005919671888138	1864.5195490820984	736815.8138503319	245605.271283444	404837.3540412931	-4.100196422283	6.2172
0.7671211094910159	0.0872266347249725	0.1456238681934579	2.8387590553836726e-05	0.09876539246711763	0.386147775279157	0.00284296999247828	0.5122277951456112	6.426846254339154e-05	0.35498751955991803	0.11353373267407937	1864.8513256540245	746001.4972863435	248667.16576211448	409891.3353135264	-4.099794848864694	6.2172
0.7670850452142662	0.08726370397644496	0.14562286135737146	2.8389451917286923e-05	0.09878116191079561	0.38613511154051877	0.0028445441831325465	0.5122231155164126	6.426739656170557e-05	0.36168538943751055	0.11711799656690464	1865.1930584097518	755301.8293158811	251767.27643862704	415008.692398343	-4.099381515793748	6.2172
0.767047919488331	0.08730187065081967	0.14562181850021153	2.8391360637942086e-05	0.09879739511346812	0.3861220740398511	0.002846166500252365	0.5122182977706109	6.42663032702661e-05	0.3685096898751942	0.12081545602614618	1865.5450308910436	764718.2465697436	254906.08218991454	420190.2320626924	-4.098956073548909	6.2172
0.7670097005999135	0.08734116760123971	0.14562073848034118	2.8393318505684474e-05	0.09881410585687396	0.3861086516562068	0.002847838392813737	0.5122133377986913	6.426518165724577e-05	0.37546281013712457	0.1246296884097286	1865.907533829923	774252.2039114429	258084.06797048097	425436.7718109426	-4.098518164702379	6.2172
0.7669703561131923	0.08738162845430811	0.14561962010516952	2.8395327330264776e-05	0.0988313082348655	0.3860948330115703	0.0028495613497456517	0.5122082313961437	6.42640306993233e-05	0.3825471847737914	0.12856438428576236	1866.2808652810509	783905.1746780229	261301.72489267428	430749.14004121063	-4.098067423920715	6.2172
0.766929852840384	0.08742328764188241	0.14561846212879218	2.8397388941536322e-05	0.09884901666600221	0.38608060646042575	0.002851336901624063	0.5122029742596077	6.42628493615323e-05	0.389765294486676	0.13262335102429296	1866.665330753715	793678.6509228536	264559.5503076179	436128.1762111702	-4.0976034776504795	6.2172
0.7668881568410407	0.08746618040272149	0.1456172632510443	2.839950519358405e-05	0.09886724589345319	0.38606596008964367	0.002853166620923644	0.5121975619868306	6.426163659508028e-05	0.3971196670096752	0.13681051650380968	1867.061243343302	803574.143663627	267858.04788787564	441574.7309997721	-4.097125944136599	6.2172
0.7668452333782882	0.08751034282951706	0.1456160221142322	2.840167796254801e-05	0.09888601100387649	0.38605088170289564	0.0028550521244844413	0.5121919900709089	6.4260391338465e-05	0.40461287800767337	0.14112993293564208	1867.468923861995	813593.1831321442	271197.72771071474	447089.6664826864	-4.096634432945406	6.2172
0.7668010469315178	0.08755581185652794	0.1456147373028031	2.8403909151199642e-05	0.09890532742136514	0.38603535882537593	0.002856995073098475	0.5121862539020315	6.42591125150834e-05	0.4122475519925598	0.14558578081078533	1867.8887009685773	823737.3190304857	274579.10634349525	452673.85629668564	-4.096128545140351	6.2172
0.7667555611617868	0.08760262529742457	0.145613407340099	2.8406200689757627e-05	0.09892521092229387	0.3860193786914063	0.0028589971736397656	0.5121803487629019	6.425779903276589e-05	0.4200263632571183	0.1501823729720326	1868.3209112970324	834008.120787292	278002.70692909736	458328.1858190833	-4.095607872912582	6.2172
0.7667087389024305	0.0876508218564515	0.14561203068658227	2.8408554535735425e-05	0.098945677638987	0.3860029282411779	0.002861060179857811	0.5121742698275313	6.425644978387988e-05	0.4279520368270496	0.1549241588165521	1868.7658995838233	844407.1778208328	281469.05927361094	464053.55234398035	-4.095071999504483	6.2172
0.7666605421406607	0.0877004411493154	0.14561060573734694	2.841097267687943e-05	0.09896674406736335	0.3859859941142041	0.002863185893699911	0.5121680121588216	6.42550636437624e-05	0.43602734943157795	0.15981572863233412	1869.22401879356	854936.0998042962	284978.6999347654	469850.86526409886	-4.094520499030389	6.2172
0.7666109320190997	0.08775152370337816	0.14560913082038948	2.841345713285557e-05	0.09898842706580331	0.385968562649865	0.002865376165698588	0.5121615707087657	6.42536394698636e-05	0.4442551304929719	0.16486181807318845	1869.6956302428516	865596.516935559	288532.172311853	475721.0462506166	-4.093952936527858	6.2172
0.7665598687908561	0.08780411100679987	0.14560760419238997	2.8416009954162698e-05	0.09901074387446707	0.385950619871279	0.0028676328977415254	0.512154940312487	6.42521761022883e-05	0.4526382631353796	0.17006731277639267	1870.1811037220784	876390.080209547	292130.02673651563	481665.02944884985	-4.093368867475634	6.2172
0.7665073118273636	0.0878582455020298	0.14560602403738154	2.8418633224999042e-05	0.0990337121112905	0.3859321514882004	0.0028699580431070823	0.5121481156893114	6.42506723623246e-05	0.4611796852133312	0.1754372531284498	1870.6808176149073	887318.4616978023	295772.8205659341	487683.76166323526	-4.092767837921862	6.2172
0.7664532195978958	0.08791397060963575	0.1456043884634042	2.842132906422296e-05	0.09905734978051277	0.3859131428895991	0.0028723536081008186	0.5121410914400244	6.42491270519407e-05	0.46988239036039847	0.18097683918246057	1871.1951590151875	898383.3548285493	299461.1182761831	493778.20255348197	-4.092149384286414	6.2172
0.7663975496691622	0.08797133073116414	0.1456026955000463	2.8424099627317343e-05	0.0990816752723372	0.38589357914342703	0.002874821652712235	0.5121338620467852	6.424753895278486e-05	0.4787494290583174	0.1866914357330262	1871.7245238410615	909586.4746728457	303195.4915576152	499949.3248287259	-4.091513033396022	6.2172
0.7663402586786493	0.08803037127985083	0.14560094309439423	2.842694710567849e-05	0.09910670737415422	0.3858734449869236	0.002877364292671042	0.5121264218695445	6.424590682657068e-05	0.48778390972704844	0.19258657755312025	1872.2693169459594	920929.5582335313	306976.5194111771	506198.11445269984	-4.0908583022187655	6.2172
0.7662813023197933	0.08809113869875214	0.14559912910772677	2.8429873727716163e-05	0.09913246527647725	0.38585272482125216	0.0028799837008554405	0.5121187651440615	6.424422941451797e-05	0.4969889998361537	0.19866797479881745	1872.8299522262826	932414.3647403439	310804.7882467813	512525.5708493984	-4.090184697737719	6.2172
0.7662206353365516	0.08815368046923917	0.14559725131244805	2.843288176117661e-05	0.09915896857473275	0.3858314027094633	0.0028826821082924537	0.5121108859811524	6.424250543615974e-05	0.5063679270379882	0.20494151858678322	1873.4068527254356	944042.6759485954	314680.8919828651	518932.7071098488	-4.089491716934244	6.2172
0.7661582115322007	0.08821804510506574	0.14559530738921964	2.8435973514002747e-05	0.09918623726482595	0.38580946237941544	0.002885461804592125	0.5121027783677693	6.424073358896184e-05	0.5159239803231197	0.2114132867501004	1874.000450733946	955816.2964415984	318605.43214719946	525420.5501984479	-4.088778846935363	6.2172
0.7660939837410289	0.08828428218579078	0.1455932949218456	2.843915133467209e-05	0.09921429175504663	0.3857868872133207	0.002888325140358537	0.512094436163137	6.423891254815396e-05	0.5256605111984164	0.2180895497780845	1874.6111878853685	967737.053936476	322579.0179788253	531990.1411741278	-4.088045564736165	6.2172
0.7660279038101673	0.08835244237925502	0.1455912113929655	2.8442417612251613e-05	0.09924315287340672	0.3857636602410715	0.0028912745289929316	0.5120858530962871	6.423704096673546e-05	0.5355809348882267	0.22497677694688314	1875.2395152477734	979806.7995973193	326602.2665324398	538642.5354127107	-4.087291337042578	6.2172
0.765959922610146	0.08842257743414184	0.14558905418093326	2.8445774778980864e-05	0.09927284186232449	0.3857397641438089	0.002894312447121847	0.5120770227673762	6.423511747418576e-05	0.5456887315592135	0.23208164264632808	1875.8858934104685	992027.4083523151	330675.802784105	545378.8028246339	-4.086515620445832	6.2172
