100000.0
100068.8773673817
100137.38105891137
100205.51913479193
100273.29931914485
100340.72913988135
100407.81618536395
100474.56785796172
100540.99105440768
100607.09282319073
100672.88004274448
100738.35917282835
100803.53669272293
100868.41882482998
100933.01166439429
100997.32139587172
101061.35364435783
101125.11423673219
101188.60886589666
101251.84275109612
101314.82132993576
101377.54991694377
101440.03335865328
101502.27673531797
101564.28492644902
101626.0626122123
101687.61463195761
101748.9453644529
101810.05908851506
101870.96033816057
101931.65328788568
101992.14210421043
102052.43086166521
102112.52354512934
102172.42397179786
102232.13613328619
102291.66348637352
102351.00978085003
102410.17851264904
102469.17325789836
102527.99743905765
102586.65433033904
102645.14728777464
102703.47944718039
102761.65402698827
102819.67403129904
102877.54247549041
102935.26231242418
102992.83650515147
103050.2678138998
103107.55901343134
103164.71289132658
103221.73204018355
103278.61913754209
103335.376738494
103392.00727987847
103448.51328405915
103504.89722223296
103561.16138472447
103617.30808267412
103673.33964634125
103729.25829548093
103785.06620661747
103840.7655770528
103896.35849821201
103951.84702120125
104007.23315782231
104062.51894270616
104117.70631005676
104172.79721785117
104227.79352636765
104282.69706079693
104337.50967135523
104392.2331141789
104446.86917107126
104501.41959012974
104555.88602883302
104610.27011429814
104664.57350058755
104718.79781092268
104772.94458226101
104827.01537939196
104881.01173830318
104934.93511166441
104988.78698081063
105042.56880011386
105096.28199742464
105149.92792100894
105203.50794874196
105257.02343371075
105310.47570480025
105363.86606707574
105417.19575025627
105470.46606653366
105523.67820117307
105576.8334217449
105629.93287099144
105682.97777372204
105735.96928246006
105788.90847948856
