1.7682641706536095e-05
1.770370739498322e-05
1.7724733149584115e-05
1.7745720230042303e-05
1.7766669840068875e-05
1.7787583152613073e-05
1.7808461356596995e-05
1.7829305611989144e-05
1.785011699118415e-05
1.7870896598917418e-05
1.7891645513500385e-05
1.791236474105977e-05
1.7933055295636457e-05
1.7953718148436113e-05
1.797435425147621e-05
1.799496457736079e-05
1.801554999982401e-05
1.8036111433663842e-05
1.8056649772971137e-05
1.807716582819942e-05
1.8097660453806533e-05
1.811813448526135e-05
1.813858867496148e-05
1.815902382206083e-05
1.8179440692005542e-05
1.8199840016610137e-05
1.8220222560654325e-05
1.824058900653388e-05
1.8260940021082463e-05
1.8281276321860172e-05
1.8301598562495585e-05
1.832190739812754e-05
1.834220346968475e-05
1.83624874042495e-05
1.838275980032197e-05
1.8403021291990808e-05
1.8423272415650926e-05
1.844351376540684e-05
1.8463745890282084e-05
1.8483969357034185e-05
1.8504184706059317e-05
1.8524392452268875e-05
1.8544593128522013e-05
1.856478722846266e-05
1.8584975263780335e-05
1.8605157707892463e-05
1.862533503863361e-05
1.8645507724239013e-05
1.866567623715676e-05
1.8685841013411248e-05
1.8706002493920282e-05
1.8726161124210982e-05
1.874631731464132e-05
1.8766471493869646e-05
1.878662406915853e-05
1.8806775427047696e-05
1.882692597244087e-05
1.8847076102393553e-05
1.8867226181057893e-05
1.8887376578407343e-05
1.8907527669959258e-05
1.8927679811727683e-05
1.8947833353132246e-05
1.896798864937994e-05
1.8988146036906263e-05
1.9008305846004852e-05
1.902846840098716e-05
1.9048634032253912e-05
1.906880305229503e-05
1.9088975779828582e-05
1.910915251609598e-05
1.9129333557007335e-05
1.9149519204885393e-05
1.9169709745146015e-05
1.9189905469706767e-05
1.9210106665362694e-05
1.9230313602540563e-05
1.9250526547074738e-05
1.9270745771488194e-05
1.9290971543620947e-05
1.931120411563739e-05
1.9331443746517113e-05
1.9351690690881033e-05
1.9371945188127833e-05
1.93922074846034e-05
1.9412477822570336e-05
1.9432756440275486e-05
1.9453043561336004e-05
1.9473339416451177e-05
1.9493644232573675e-05
1.951395823299961e-05
1.953428163742991e-05
1.9554614651595327e-05
1.9574957498878856e-05
1.959531037831326e-05
1.961567350654996e-05
1.9636047076220394e-05
1.965643129753728e-05
1.967682636721321e-05
1.9697232468789984e-05
