1853.7417759977698
1853.7417781135432
1853.7417802253053
1853.7417823331834
1853.741784437298
1853.741786537767
1853.7417886347096
1853.741790728243
1853.7417928184736
1853.7417949055134
1853.741796989471
1853.7417990704466
1853.741801148542
1853.7418032238552
1853.7418052964822
1853.7418073665197
1853.741809434056
1853.7418114991833
1853.7418135619905
1853.74181562256
1853.741817680977
1853.7418197373254
1853.7418217916816
1853.7418238441244
1853.7418258947318
1853.7418279435772
1853.7418299907367
1853.7418320362794
1853.7418340802726
1853.7418361227878
1853.7418381638909
1853.7418402036476
1853.7418422421222
1853.7418442793778
1853.741846315474
1853.7418483504757
1853.741850384436
1853.741852417414
1853.741854449466
1853.7418564806485
1853.7418585110154
1853.7418605406187
1853.7418625695118
1853.7418645977446
1853.741866625368
1853.7418686524302
1853.7418706789786
1853.7418727050601
1853.7418747307229
1853.7418767560102
1853.7418787809665
1853.7418808056368
1853.7418828300617
1853.741884854285
1853.7418868783466
1853.741888902286
1853.7418909261442
1853.7418929499604
1853.7418949737712
1853.7418969976143
1853.741899021527
1853.7419010455453
1853.7419030697042
1853.7419050940389
1853.741907118584
1853.7419091433721
1853.7419111684362
1853.741913193809
1853.7419152195225
1853.741917245608
1853.7419192720959
1853.7419212990164
1853.7419233264
1853.7419253542744
1853.7419273826695
1853.7419294116144
1853.7419314411359
1853.7419334712606
1853.741935502016
1853.7419375334289
1853.741939565525
1853.74194159833
1853.7419436318696
1853.7419456661673
1853.7419477012486
1853.7419497371377
1853.741951773858
1853.7419538114332
1853.7419558498846
1853.7419578892363
1853.7419599295104
1853.7419619707293
1853.741964012913
1853.7419660560845
1853.7419681002636
1853.7419701454717
1853.741972191729
1853.7419742390557
1853.7419762874724
1853.7419783369965
