0.852904814909286
0.8495434147546623
0.8462592760855122
0.8430499577866417
0.8399131174683813
0.8368465375391868
0.8338480894734377
0.830915689024099
0.8280473728120825
0.8252412541201813
0.8224954873660937
0.8198083187670983
0.8171780478699102
0.8146030401627643
0.8120817507922381
0.8096126398754058
0.8071942649669336
0.8048252359641433
0.8025041694121824
0.80022977305772
0.7980008003712561
0.7958160044135337
0.7936742242599842
0.7915743279499827
0.7895152104610295
0.7874958373303094
0.78551516392674
0.7835721794059372
0.7816659503790012
0.779795540870946
0.7779600555787283
0.7761586276431514
0.7743904175356424
0.7726546016182478
0.7709504147916065
0.7692770581016088
0.7676338038774773
0.7660199243122148
0.7644347333822419
0.7628775555993632
0.7613477257297201
0.7598446174759436
0.7583676035385477
0.7569160938526281
0.7554894963781833
0.7540872453459183
0.7527087910063539
0.7513536082564608
0.7500211682907789
0.7487109660797433
0.7474225194649755
0.7461553415252231
0.7449089763250435
0.7436829713380714
0.7424768774112567
0.7412902746831325
0.740122754304193
0.7389739010095882
0.7378433188611225
0.7367306305531661
0.7356354600591545
0.734557440937945
0.7334962242598909
0.732451461645514
0.7314228134329401
0.7304099483940498
0.7294125514695949
0.7284303073449904
0.7274629162703596
0.7265100778708284
0.725571499015217
0.7246469013015144
0.7237360052311681
0.7228385455393146
0.7219542631439347
0.7210828974536807
0.7202241939149207
0.719377911287981
0.7185438138239193
0.7177216637754757
0.7169112360880087
0.7161123107341006
0.7153246653869153
0.7145480898384453
0.7137823784960979
0.7130273302747845
0.7122827414366515
0.7115484196771218
0.7108241768303216
0.7101098287522846
0.709405195230995
0.7087100930396412
0.7080243564185339
0.7073478095599208
0.7066802937680283
0.7060216402687305
0.7053716970683005
0.7047303086667748
0.7040973161820044
0.7034725770486036
