0.05139688531079207
0.05102934418018974
0.050665414446490746
0.05030509266587966
0.04994837519918152
0.049595243100261345
0.0492456769516866
0.04889967672984647
0.0485572224001838
0.04821829348731248
0.04788288489823987
0.04755098026284283
0.04722256932804005
0.04689764021267905
0.04657616589095481
0.04625814553948096
0.04594355658517252
0.045632376091589634
0.04532460309215949
0.0450202142199262
0.04471918577102298
0.04442151670718925
0.04412718293956612
0.043836165902960286
0.04354845283816641
0.04326401301226763
0.042982839401737485
0.042704924971284954
0.04243023861628845
0.0421587669351999
0.041890490619999894
0.041625390313801296
0.041363446616254705
0.04110464570900291
0.0408489556643939
0.040596376122902254
0.0403468806445358
0.040100455091346854
0.03985707423837525
0.03961671842992934
0.039379373423381436
0.03914501407734063
0.03891362610360538
0.03868518443763294
0.03845967476331886
0.0382370773841873
0.03801737262868933
0.03780053563273858
0.037586552076093876
0.037375402384011706
0.03716706187955446
0.03696151627979696
0.036758741048323135
0.03655871688012196
0.03636142956055255
0.03616685478601288
0.035974968426076254
0.035785756452658135
0.035599199846519484
0.03541527473845278
0.03523396232980693
0.03505524389113735
0.0348790959206082
0.034705499919327254
0.034534437463187774
0.034365890205173166
0.03419983512595094
0.03403625412121663
0.03387512446201539
0.03371642829082005
0.03356014783425312
0.03340626076445623
0.03325474956113613
0.03310559219439212
0.03295876682319594
0.032814256350272075
0.03267204376859788
0.032532107648412995
0.032394426748891265
0.032258984491039956
0.03212575993513435
0.031994732329393885
0.031865885523294626
0.03173919906553929
0.03161465269143245
0.031492226321775
0.03137190439973935
0.03125366714407786
0.031137494957446936
0.031023368425432338
0.030911268315355612
0.030801179821541725
0.03069307977588037
0.030586953696244326
0.03048277880740826
0.03038054094715727
0.03028021772797109
0.030181791161611085
0.030085247558281868
0.02999056510179852
