0.1427955378577841
0.14195726446795937
0.1411385375811181
0.14033874821729814
0.1395573122065745
0.1387936657182004
0.13804726742488108
0.13731760149780578
0.13660416823419436
0.13590648730013974
0.13522409991431503
0.1345565625730301
0.13390344970396498
0.13326435134209516
0.13263886988107051
0.13202662718688815
0.13142725489602047
0.13084039788272228
0.1302657176284784
0.129702883652345
0.1291515770383969
0.12861149385542744
0.12808233674223063
0.12756381944792441
0.1270556663868277
0.12655760831948315
0.12606938880917068
0.1255907598780012
0.12512147790130237
0.12466130993780208
0.12421002965366407
0.12376741795343603
0.12333326269518036
0.12290735924122129
0.12248950670694328
0.1220795149983786
0.12167719613131567
0.12128236960174679
0.12089485882797008
0.12051449330806153
0.12014110836719326
0.1197745427336192
0.11941464132675324
0.11906125216538041
0.11871422908022448
0.11837342940096542
0.11803871453535306
0.11770994916299413
0.11738700309301964
0.11706974911791107
0.11675806293408113
0.11645182492466663
0.1161509175130688
0.1158552269408711
0.11556464311684214
0.11527905772135896
0.11499836534290045
0.1147224645114527
0.11445125585419054
0.11418464204873366
0.11392252885900309
0.11366482448210044
0.11341143894658584
0.11316228510667352
0.1129172780256219
0.11267633490467564
0.11243937452145801
0.11220631817784257
0.11197708863878532
0.11175161105466676
0.11152981240549818
0.11131162098122319
0.111096967270997
0.1108857829837916
0.11067800146973299
0.11047355810879643
0.1102723898018469
0.11007443450657334
0.10987963163836574
0.10968792243984825
0.1094992491028431
0.10931355515394343
0.10913078581300786
0.10895088715226384
0.10877380646884467
0.1085994922533079
0.10842789452798823
0.10825896405489877
0.10809265269220197
0.10792891336326199
0.10776770003021481
0.10760896801136945
0.10745267290224017
0.10729877195032633
0.10714722264657717
0.10699798406497399
0.10685101549299536
0.10670627741440389
0.10656373146597127
0.10642333945843906
