1.4696069596422007e-06
2.942891380061405e-06
4.419926364660982e-06
5.900868930276939e-06
7.385880453987474e-06
8.874963737500426e-06
1.0368118388352984e-05
1.1865559042479525e-05
1.3367285702715891e-05
1.4873295016900349e-05
1.638375925141079e-05
1.7898727814773693e-05
1.9418323407504908e-05
2.0942654284088646e-05
2.2471654408856225e-05
2.400556853792854e-05
2.5544387831207482e-05
2.708809965205987e-05
2.863696065293565e-05
3.0190958199685318e-05
3.175007569586691e-05
3.331458203015425e-05
3.488446050436198e-05
3.6459765177153624e-05
3.804062695754269e-05
3.96269452354743e-05
4.121892984442595e-05
4.2816795838052825e-05
4.4420439932782015e-05
4.602999631254807e-05
4.764552136169193e-05
4.926707184363744e-05
5.089470489698928e-05
5.252855718722487e-05
5.41685107724713e-05
5.58148969211093e-05
5.746767682267553e-05
5.912698954746142e-05
6.079281322828575e-05
6.246520728490518e-05
6.41443127536251e-05
6.583010790178988e-05
6.752273506409616e-05
6.922217258527354e-05
7.09285640873768e-05
7.264197075978683e-05
7.436245412604703e-05
7.608999265960468e-05
7.78247325350192e-05
7.956673626029473e-05
8.131598238007123e-05
8.307261895940999e-05
8.483662457805896e-05
8.660806335340486e-05
8.838708521800169e-05
9.017366878760378e-05
9.196779302485825e-05
9.3769610053178e-05
9.557918555440463e-05
9.739649850589759e-05
9.922161555388043e-05
0.00010105460364740601
0.00010289544211565704
0.00010474419886993239
0.00010660094211731488
0.00010846574035981882
0.00011033857326015878
0.00011221951028146188
0.00011410853143632889
0.00011600570714622836
0.00011791110811502974
0.00011982471468066688
0.00012174659850333109
0.0001236767402652613
0.0001256151210223844
0.00012756181406281848
0.00012951689294115105
0.00013148033901116138
0.00013345213400392885
0.00013543235309808414
0.00013742097835250895
0.00013941799220451595
0.0001414234714473424
0.0001434373988361428
0.0001454597575050167
0.00014749053096517665
0.00014952979829227348
0.00015157754329867977
0.00015363375017421157
0.00015569840348503012
0.00015777148817146017
0.00015985308624460117
0.00016194308592215468
0.00016404157056697366
0.0001661484285329701
0.00016826374452750894
0.0001703874070345269
0.00017251940359530265
0.0001746598209144256
0.00017680854765413963
