0.4174371048890028
0.41693680262983446
0.41644049774563985
0.4159481686843232
0.4154597933845759
0.41497536037890326
0.4144948579069187
0.41401825937090275
0.41354555226323136
0.41307672381025684
0.4126117494127583
0.4121506121922201
0.4116932902715005
0.41123976246224647
0.41079001816084654
0.41034402712781254
0.4099017745715011
0.40946324551651714
0.4090284085162277
0.4085972480806098
0.4081697485623636
0.40774587739773144
0.4073256184850205
0.4069089513386487
0.40649585090888374
0.406086304922394
0.40568028352420027
0.40527775659053605
0.40487871124604363
0.4044831214608128
0.4040909652558516
0.4037022204509199
0.40331686467240313
0.4029348712811908
0.40255622659773543
0.4021808938223237
0.4018088549337476
0.4014400828142969
0.4010745582438723
0.400712257820997
0.4003531540900712
0.39999722738657756
0.3996444500699212
0.3992948022193132
0.3989482560359532
0.3986047875519322
0.39826437271609055
0.3979269911833263
0.39759261492763354
0.39726121969460665
0.3969327848966129
0.3966072824061711
0.3962846915071709
0.3959649876978144
0.3956481428043782
0.39533413596825856
0.3950229462266436
0.39471454534551215
0.3944089087411215
0.3941060153813856
0.3938058406235341
0.3935083598369924
0.39321355190552204
0.39292139217414035
0.3926318560150935
0.39234491883368755
0.39206055950172314
0.3917787534407329
0.39149947951567005
0.3912227131864753
0.39094842996814483
0.39067660878396815
0.390407225214371
0.39014025822347037
0.3898756867740699
0.3896134865474018
0.38935363330741796
0.38909610615508505
0.3888408842076319
0.38858794337941543
0.38833726288818804
0.3880888219812207
0.3878425967583579
0.3875985665901655
0.3873567108882405
0.38711700910713925
0.38687943762576926
0.38664397605051315
0.3864106040418477
0.38617930131850303
0.38595004765897617
0.38572281985034607
0.38549760089734336
0.38527436774947477
0.3850531035284351
0.38483378535823015
0.3846163964894804
0.3844009172121246
0.3841873249316669
0.38397560311255086
