0.004298949514477576
0.00849794143034214
0.012600140933849513
0.016608597658171846
0.02052623772505635
0.0243558420862966
0.02810008012959163
0.03176155157957738
0.03534271906772896
0.03884594925922487
0.042273546150686056
0.04562770669456027
0.048910556576335924
0.052124139955114356
0.05527039892424917
0.05835125123693316
0.06136850739803473
0.06432391232238273
0.06721918776691295
0.07005595616793683
0.0728357826848135
0.075560218016443
0.07823072016779341
0.08084870712134666
0.08341555927878687
0.08593258007688553
0.08840107041472528
0.09082228895028067
0.09319741245779055
0.09552760968114807
0.09781400207316102
0.10005767540447093
0.10225968118016766
0.10442104751919065
0.10654274021563676
0.10862574820939887
0.11067098698194593
0.11267936470362175
0.11465174384093797
0.11658897023131545
0.11849187367108534
0.12036124159119159
0.1221978562516796
0.12400245955710663
0.12577578963009145
0.12751855478141166
0.1292314432468748
0.13091511532847752
0.13257022992594025
0.13419741918259145
0.13579728944849284
0.13737044717068386
0.13891746576559463
0.14043891142496023
0.14193534332239297
0.14340728953817639
0.14485526423818507
0.14627978408856016
0.14768134432612884
0.14906041949326718
0.15041747977801037
0.15175298335179177
0.15306736904114573
0.15436107229816887
0.15563451766157343
0.15688811909545017
0.1581222728050587
0.1593373727524262
0.1605337958520161
0.1617119172656602
0.16287210310046035
0.16401470339835822
0.16514006711919962
0.16624852776226645
0.16734041099857513
0.16841604200351343
0.16947573837526575
0.17051980334450112
0.17154853319096205
0.1725622243745684
0.17356115971797045
0.1745456156701115
0.1755158692997477
0.1764721847022563
0.17741482012064871
0.17834402811121894
0.17926006235507863
0.18016316435632385
0.18105357038509748
0.1819315116166955
0.18279721427202492
0.18365090622261465
0.18449279759211878
0.18532310691389056
0.18614203535389323
0.18694979258497307
0.1877465712761276
0.18853256641154326
0.18930797520685186
0.19007297838793105
