7.48633909023133e-05
7.460200481318409e-05
7.434270919075823e-05
7.408551129256305e-05
7.38304210334337e-05
7.35774194727498e-05
7.33264797613745e-05
7.307763022225133e-05
7.28308328445658e-05
7.258607757881838e-05
7.234335616663721e-05
7.21026719480537e-05
7.186401645499172e-05
7.162738699839761e-05
7.139274416058027e-05
7.116010280340201e-05
7.092944715677616e-05
7.070074861587157e-05
7.047403181410698e-05
7.024926535994064e-05
7.002641891738099e-05
6.980552815471918e-05
6.958655504563354e-05
6.936948875401498e-05
6.915432774170131e-05
6.89410278619752e-05
6.872960212423956e-05
6.852006239533722e-05
6.831236768939013e-05
6.810651613014982e-05
6.790249427776859e-05
6.770028475450332e-05
6.74998787445478e-05
6.730126960658738e-05
6.710442509201694e-05
6.690936419897795e-05
6.671605899412819e-05
6.652450041914644e-05
6.633467787171856e-05
6.614656807329133e-05
6.596017264568047e-05
6.577547281657495e-05
6.559245958165053e-05
6.541110640458859e-05
6.523142263906615e-05
6.505338574072491e-05
6.487698696790647e-05
6.4702204358894e-05
6.452903128226338e-05
6.435746119219188e-05
6.418747253048805e-05
6.401905660073613e-05
6.385219965181221e-05
6.368688787172732e-05
6.352312196448579e-05
6.336087903305159e-05
6.320013851039004e-05
6.304089753910934e-05
6.288314779388564e-05
6.272687099437232e-05
6.25720554861502e-05
6.241868968274094e-05
6.226675918447577e-05
6.211624922268313e-05
6.196715370738609e-05
6.181946317042347e-05
6.167315665620327e-05
6.152823144485076e-05
6.138466868821875e-05
6.124245428524792e-05
6.110158730488521e-05
6.096204583689179e-05
6.082382270120225e-05
6.068690432975518e-05
6.055127285895466e-05
6.0416928774768546e-05
6.028385727993215e-05
6.015204523164173e-05
6.0021476660432296e-05
5.9892141858632224e-05
5.976403391922328e-05
5.963713595480418e-05
5.951144106402655e-05
5.938693992843878e-05
5.926361296177623e-05
5.914145112247e-05
5.902044776721823e-05
5.890059239394648e-05
5.8781874588907066e-05
5.866427711256326e-05
5.85477952132024e-05
5.843241716038643e-05
5.83181277795439e-05
5.8204922341556836e-05
5.809278592235804e-05
5.7981712449939463e-05
5.78716872700719e-05
5.776269948263679e-05
5.765473957180718e-05
5.754779835023557e-05
