6.977184522656508e-07
1.37934703613999e-06
2.0453995201948717e-06
2.6963378883320853e-06
3.3325999879025264e-06
3.954656316202927e-06
4.562972089578e-06
5.157898517779366e-06
5.739885994106472e-06
6.309320454082054e-06
6.86656890529311e-06
7.411965311328181e-06
7.945849788886816e-06
8.468540026215949e-06
8.980402442266439e-06
9.481700772976878e-06
9.972739011200759e-06
1.0453830751491209e-05
1.0925192426086482e-05
1.138712199819269e-05
1.1839905533499794e-05
1.2283714595875704e-05
1.27188299916352e-05
1.314548074621052e-05
1.3563873356003413e-05
1.397427332200081e-05
1.4376849364098908e-05
1.4771765780973707e-05
1.5159261905959272e-05
1.5539510103671805e-05
1.5912694446588487e-05
1.6278998941712768e-05
1.6638589009401063e-05
1.699162134017041e-05
1.7338285813402035e-05
1.7678690613626022e-05
1.8013009261213316e-05
1.834138241660535e-05
1.8663948850085794e-05
1.8980861259875397e-05
1.9292232001237568e-05
1.9598199245508582e-05
1.9898883019465654e-05
2.0194424884874666e-05
2.0484911500858718e-05
2.077047170464449e-05
2.1051211418247067e-05
2.1327252067770876e-05
2.15986902613117e-05
2.1865619754315896e-05
2.212815245036272e-05
2.23863794262873e-05
2.2640396293177287e-05
2.2890296097363116e-05
2.3136149508106504e-05
2.337805733205219e-05
2.3616114721524844e-05
2.3850390398973532e-05
2.4080958558093895e-05
2.4307904833120464e-05
2.4531303832092423e-05
2.4751228162725262e-05
2.4967752377382055e-05
2.5180949643581243e-05
2.539087986437941e-05
2.55976058244113e-05
2.5801203888416288e-05
2.600172474087826e-05
2.6199238838982708e-05
2.639380884470004e-05
2.6585478824640535e-05
2.6774318904203773e-05
2.696037863532846e-05
2.714371462738765e-05
2.7324387757155145e-05
2.7502434009412934e-05
2.767790796673975e-05
2.7850860944505618e-05
2.80213467530582e-05
2.8189410107500626e-05
2.8355091177797224e-05
2.851844184441971e-05
2.8679500329278196e-05
2.883830703461199e-05
2.899491440878835e-05
2.914936068854761e-05
2.9301680281619705e-05
2.9451911655617903e-05
2.960009237891313e-05
2.9746267758010692e-05
2.98904667653928e-05
3.003272637479995e-05
3.0173087107229325e-05
3.0311575862233226e-05
3.0448231501321724e-05
3.058308132245609e-05
3.071616257651884e-05
3.0847507278134454e-05
3.0977145172577876e-05
3.1105105026255347e-05
